0
0
2.95841e-08
1.21962e-07
6.50326e-08
-4.90326e-07
-1.27246e-06
-1.00111e-06
1.35101e-06
4.40082e-06
4.27588e-06
-1.60059e-06
-9.82578e-06
-1.15746e-05
-7.61977e-07
1.67688e-05
2.42013e-05
8.4425e-06
-2.30867e-05
-4.24258e-05
-2.42887e-05
2.53037e-05
6.49215e-05
5.05281e-05
-1.89925e-05
-8.8439e-05
-8.79382e-05
-5.09186e-07
0.000107835
0.000135115
3.71303e-05
-0.000116526
-0.000188012
-9.29947e-05
0.000107358
0.000239901
0.000167439
-7.38083e-05
-0.000281845
-0.00025633
1.13596e-05
0.000303701
0.000351864
8.11906e-05
-0.000295568
-0.000442998
-0.000200726
0.000249488
0.000516525
0.000339361
-0.000161167
-0.000558749
-0.000484719
3.13842e-05
0.000557549
0.000621034
0.0001332
-0.000504547
-0.000731002
-0.000320082
0.000397009
0.000798207
0.000511949
-0.000239111
-0.000809785
-0.000688678
4.22294e-05
0.000758887
0.000830113
0.000175952
-0.000646484
-0.000919265
-0.000393545
0.000482082
0.000945417
0.000587611
-0.000283035
-0.000906574
-0.000737954
7.23452e-05
0.000810695
0.000830994
0.000124906
-0.000675276
-0.000863002
-0.000286082
0.000525063
0.000842005
0.000395816
-0.000387977
-0.000787745
-0.000450289
0.000289659
0.000729337
0.000460063
-0.000247391
-0.000700588
-0.000450654
0.000264373
0.000733373
0.000460264
-0.0003255
-0.000849865
-0.000534485
0.000395736
0.00105479
0.000718262
-0.000421936
-0.00132913
-0.00104597
0.000338574
0.00162661
0.00153091
-7.72508e-05
-0.00187444
-0.0021559
-0.000420817
0.00197882
0.0028669
0.00119075
-0.00183568
-0.00357125
-0.00223041
0.00134582
0.00414199
0.00348948
-0.000433059
-0.00442888
-0.0048637
-0.000936731
0.00427569
0.00619611
0.00273866
-0.00354268
-0.00728659
-0.00487675
0.0021317
0.00791014
0.00717964
-1.08878e-05
-0.00784277
-0.00940626
-0.00276472
0.00689282
0.0112625
0.00604046
-0.00493431
-0.0124287
-0.00956038
0.00193811
0.0125958
0.0129788
0.0020039
-0.0115077
-0.0158862
-0.00666603
0.00900357
0.0178476
0.0116909
-0.00505605
-0.0184516
-0.0166087
-0.000200944
0.0173638
0.0208738
0.00646016
-0.0143806
-0.0239165
-0.0132483
0.00947404
0.0252058
0.0199543
-0.00282287
-0.0243162
-0.0258789
-0.00517672
0.0209924
0.0303007
0.0139247
-0.0152016
-0.032554
-0.0226565
0.00716737
0.0321105
0.0305058
0.00262193
-0.0286543
-0.036587
-0.0134343
0.0221422
0.040089
0.0243448
-0.0128393
-0.0403709
-0.0343136
0.00132431
0.0370486
0.0422846
0.0115398
-0.0300613
-0.0472954
-0.0246686
0.0197093
0.048587
0.0368501
-0.0066545
-0.045701
-0.0468588
-0.00811696
0.038552
0.0535818
0.0233706
-0.0274655
-0.0561414
-0.0377318
0.0131748
0.0540017
0.0498156
0.00322604
-0.0470457
-0.0583669
-0.0203698
0.0356127
0.0623946
0.0367379
-0.0204906
-0.061286
-0.0508048
0.00286015
0.0548866
0.0611893
0.0158039
-0.0435371
-0.0667986
-0.0338667
0.0280599
0.0669478
0.0496883
-0.00969574
-0.0614419
-0.0617855
-0.0100047
0.0506102
0.0689817
0.0293243
-0.0352877
-0.0705294
-0.046543
0.0167452
0.0661927
0.0601058
0.0034269
-0.056278
-0.0687756
-0.0234686
0.0416109
0.071757
0.0416189
-0.0234606
-0.0687756
-0.0562861
0.00341894
0.0601059
0.0662008
0.0167532
-0.0465432
-0.0705375
-0.0352956
0.0293245
0.0689898
0.0506181
-0.010005
-0.0617937
-0.0614498
-0.00969539
0.0496965
0.0669556
0.0280595
-0.0338749
-0.0668064
-0.0435366
0.0158122
0.0611971
0.0548861
0.00285188
-0.0508125
-0.0612854
-0.0204823
0.0367456
0.062394
0.0356044
-0.0203774
-0.0583662
-0.0470373
0.00323365
0.0498148
0.0539933
0.0131672
-0.037731
-0.056133
-0.027458
0.0233698
0.0535734
0.0385445
-0.00811603
-0.0468504
-0.0456936
-0.00665548
0.0368416
0.0485796
0.0197104
-0.0246602
-0.047288
-0.0300624
0.0115312
0.0422772
0.0370497
0.00133284
-0.0343062
-0.0403721
-0.0128479
0.0243375
0.0400903
0.0221508
-0.013427
-0.0365883
-0.0286629
0.00261469
0.0305072
0.0321191
0.00717457
-0.022658
-0.0325626
-0.0152087
0.0139262
0.0303093
0.0209995
-0.00517828
-0.0258876
-0.0243233
-0.00282125
0.019963
0.0252129
0.00947236
-0.013257
-0.0239236
-0.0143789
0.0064689
0.0208808
0.017362
-0.000209702
-0.0166156
-0.0184497
-0.00504727
0.0116978
0.0178457
0.00899477
-0.00667289
-0.0158843
-0.0114989
0.00201072
0.0129768
0.012587
0.00193133
-0.0095583
-0.0124198
-0.00492757
0.00603833
0.0112536
0.00688612
-0.00276253
-0.00939738
-0.00783611
-1.31308e-05
0.00717074
0.00790352
0.002134
-0.00486783
-0.00728001
-0.00354504
0.00272973
0.00618957
0.0042781
-0.00092779
-0.00485721
-0.00443135
-0.000442015
0.00348302
0.00414452
0.00135479
-0.00222399
-0.00357383
-0.00184467
0.00118438
0.00286954
0.00198782
-0.000414487
-0.0021586
-0.00188345
-8.3538e-05
0.00153366
0.00163564
0.000344819
-0.00104877
-0.00133816
-0.000428138
0.00072112
0.00106384
0.000401895
-0.000537398
-0.000858926
-0.000331616
0.000463232
0.000742446
0.000270445
-0.000453676
-0.000709672
-0.00025342
0.00046314
0.000738431
0.000295643
-0.00045342
-0.000796849
-0.000393916
0.000399002
0.000851119
0.000530958
-0.000289322
-0.000872125
-0.000681126
0.0001282
0.000840126
0.0008165
6.89964e-05
-0.000747095
-0.000912333
-0.000279632
0.00059676
0.00095113
0.000478625
-0.000402703
-0.000924932
-0.000642973
0.000185117
0.000835733
0.000755322
3.30566e-05
-0.000694252
-0.000806166
-0.000229931
0.000517477
0.000794534
0.000387822
-0.000325562
-0.000727275
-0.000495353
0.000138633
0.000617254
0.000548349
2.59973e-05
-0.000480886
-0.000549542
-0.000155827
0.000335474
0.000507313
0.000244195
-0.000196787
-0.00043378
-0.000290322
7.71996e-05
0.000342642
0.000298503
1.54026e-05
-0.000247103
-0.000276694
-7.7903e-05
0.000158209
0.000234798
0.000111504
-8.3761e-05
-0.000182958
-0.000120724
2.78938e-05
0.000130109
0.000112084
8.72952e-06
-8.29816e-05
-9.27387e-05
-2.8233e-05
4.56207e-05
6.92723e-05
3.45457e-05
-1.9431e-05
-4.68276e-05
-3.23297e-05
3.63482e-06
2.8654e-05
2.60126e-05
3.99545e-06
-1.60783e-05
-1.90702e-05
-6.30752e-06
8.83046e-06
1.36455e-05
6.00728e-06
-5.60658e-06
-1.05173e-05
-5.09579e-06
4.7213e-06
9.36668e-06
4.58417e-06
-4.70693e-06
-9.24441e-06
-4.50279e-06
4.7901e-06
9.36593e-06
4.50255e-06
-5.32765e-06
-1.05258e-05
-5.3489e-06
6.3163e-06
1.37018e-05
8.51712e-06
-6.76909e-06
-1.92568e-05
-1.57257e-05
4.69195e-06
2.64615e-05
2.83376e-05
2.64316e-06
-3.32121e-05
-4.67013e-05
-1.81427e-05
3.60456e-05
6.95743e-05
4.41295e-05
-3.05059e-05
-9.37775e-05
-8.1505e-05
1.18504e-05
0.000114203
0.000128999
2.39828e-05
-0.000124247
-0.000182687
-7.92935e-05
0.000116666
0.000235921
0.000153617
-8.47742e-05
-0.000279775
-0.000243012
2.38275e-05
0.000304032
0.000339825
6.7646e-05
-0.000298612
-0.000433085
-0.000186807
0.000255297
0.000509552
0.000326009
-0.000169456
-0.000555373
-0.000473039
4.15066e-05
0.000558149
0.000612166
0.000122231
-0.000509124
-0.000725982
-0.000309519
0.000405128
0.00079781
0.000503178
-0.000249904
-0.000814394
-0.000683051
5.44601e-05
0.0007684
0.000828769
0.000163751
-0.000660294
-0.000922958
-0.00038289
0.00049913
0.000954394
0.000579852
-0.000301948
-0.000920526
-0.000734073
9.16424e-05
0.000828802
0.000831447
0.000106569
-0.000696353
-0.000867644
-0.000269666
0.000547792
0.000850126
0.000381699
-0.000411199
-0.000798234
-0.000438163
0.000312682
0.000740959
0.000448963
-0.000270248
-0.00071235
-0.000439145
0.000287972
0.000744917
0.000446787
-0.000351616
-0.000861828
-0.000517821
0.000426798
0.00106905
0.000698072
-0.000460604
-0.00134882
-0.00102331
0.000387136
0.00165595
0.00150861
-0.000136893
-0.00191822
-0.00213876
-0.000350759
0.00204166
0.00286153
0.00111344
-0.00192103
-0.00358556
-0.00215191
0.00145492
0.00418431
0.00341882
-0.000563926
-0.00450674
-0.00481243
-0.00079011
0.00439437
0.00617736
0.00258671
-0.00370373
-0.00731368
-0.00473416
0.00233158
0.00799474
0.00706456
-0.000240049
-0.00799286
-0.0093388
-0.0025222
0.00711067
0.0112626
0.00580642
-0.00521483
-0.0125136
-0.0093613
0.00226764
0.0127774
0.0128436
0.00164779
-0.0117896
-0.0158433
-0.00631374
0.00937928
0.0179215
0.0113789
-0.00550752
-0.0186591
-0.0163765
0.000296591
0.017711
0.0207602
0.00595671
-0.0148601
-0.0239548
-0.0127868
0.0100633
0.0254194
0.0195867
-0.00348458
-0.0247147
-0.0256557
-0.00449325
0.0215681
0.0302657
0.01328
-0.0159281
-0.0327389
-0.0221157
0.00799961
0.0325294
0.0301329
0.00174538
-0.0293005
-0.0364376
-0.0125869
0.0229859
0.0402041
0.023606
-0.0138284
-0.0407707
-0.0337614
0.00238698
0.0377284
0.0419877
0.0104898
-0.0309894
-0.047305
-0.023725
0.0208275
0.0489306
0.0361052
-0.00788161
-0.0463772
-0.0463943
-0.00687916
0.0395285
0.0534602
0.0222292
-0.0286797
-0.0563983
-0.0367926
0.0145378
0.0546405
0.0491735
0.00182267
-0.0480349
-0.0580956
-0.0190448
0.0368874
0.0625384
0.0356098
-0.0219563
-0.0618539
-0.0499802
0.00440055
0.0558499
0.0607524
0.0143171
-0.0448305
-0.0668025
-0.0325619
0.029586
0.0674081
0.0486823
-0.0113333
-0.062334
-0.0611719
-0.00839033
0.0518707
0.0688218
0.0278689
-0.0368192
-0.0708457
-0.0453709
0.0184247
0.0669661
0.0593181
0.00173717
-0.0574489
-0.0684408
-0.0219082
0.0430846
0.0719042
0.0403168
-0.0251156
-0.0693919
-0.0553483
0.00511836
0.0611374
0.0657014
0.0151492
-0.0479004
-0.0705115
-0.0339172
0.0308909
0.0694307
0.0495735
-0.0116478
-0.0626547
-0.0608164
-0.00811258
0.0508955
0.0667733
0.0266643
-0.035303
-0.0670749
-0.0424367
0.0173442
0.0618773
0.0541596
0.00134549
-0.0518315
-0.0609756
-0.0191235
0.0380043
0.0625062
0.0344969
-0.0217609
-0.0588692
-0.046258
0.00462223
0.0506457
0.0535868
0.0118868
-0.0388022
-0.0561091
-0.0263829
0.0245788
0.0539085
0.0377479
-0.0093553
-0.047492
-0.0452196
-0.0054883
0.0377146
0.0484414
0.0187035
-0.0256754
-0.0474688
-0.0292833
0.012595
0.0427345
0.0365403
0.000310271
-0.0349774
-0.0401473
-0.0119443
0.0251475
0.0401392
0.0214262
-0.0142964
-0.0368777
-0.0281556
0.00346738
0.0309864
0.0318445
0.00640497
-0.0232658
-0.0325143
-0.0145737
0.0145975
0.030462
0.0205326
-0.00585038
-0.0262018
-0.0240393
-0.00220289
0.0203904
0.0251085
0.00895028
-0.013746
-0.0239805
-0.0139812
0.00696982
0.0210691
0.0171018
-0.000679344
-0.0168984
-0.0183259
-0.00464261
0.0120357
0.0178453
0.00867752
-0.0070281
-0.0159854
-0.0112799
0.0023505
0.0131524
0.0124661
0.00163243
-0.00977953
-0.0123883
-0.00468644
0.00627776
0.0112961
0.00671099
-0.00299655
-0.00949478
-0.00772737
0.000197359
0.00730296
0.00785521
0.00195891
-0.00501598
-0.00728175
-0.00341104
0.00287783
0.00622861
0.00418546
-0.00106387
-0.0049203
-0.00437608
-0.000325535
0.00355804
0.00411988
0.00126132
-0.002301
-0.00357176
-0.00177409
0.00125627
0.00288196
0.00193743
-0.000477092
-0.00217842
-0.00184902
-3.17411e-05
0.00155546
0.00161242
0.000303263
-0.00106906
-0.00132174
-0.000394893
0.000738235
0.0010507
0.000374407
-0.00055123
-0.000846759
-0.000307358
0.000474729
0.000730214
0.000247411
-0.00046431
-0.000697421
-0.000230407
0.000474413
0.000726971
0.000272335
-0.000466476
-0.000787367
-0.00037078
0.000414379
0.000844799
0.000509025
-0.000306873
-0.00086984
-0.000661693
0.000147147
0.000842229
0.000800831
4.98898e-05
-0.000753341
-0.000901401
-0.000261829
0.000606341
0.00094544
0.000463563
-0.000414382
-0.000924439
-0.000631846
0.000197415
0.00083986
0.000748914
2.16465e-05
-0.000701986
-0.000804767
-0.000220746
0.00052753
0.000797936
0.000381874
-0.000336546
-0.000734839
-0.000493242
0.000149234
0.00062803
0.000550232
1.68727e-05
-0.000493762
-0.000555176
-0.000148954
0.000349324
0.000516135
0.000239989
-0.000210604
-0.000445028
-0.000288854
9.01906e-05
0.000355475
0.00029955
3.76288e-06
-0.000260716
-0.000279825
-6.78665e-05
0.000171922
0.000239472
0.000103079
-9.70717e-05
-0.000188615
-0.000113731
4.04984e-05
0.000136247
0.00010623
-3.05036e-06
-8.92039e-05
-8.76846e-05
-1.72478e-05
5.16642e-05
6.4697e-05
2.42264e-05
-2.51599e-05
-4.2469e-05
-2.25013e-05
9.01936e-06
2.43303e-05
1.64993e-05
-1.0862e-06
-1.16886e-05
-9.72719e-06
-1.45305e-06
4.34034e-06
4.37504e-06
1.30206e-06
-1.02322e-06
-1.26789e-06
-4.81207e-07
6.76079e-08
1.2102e-07
2.91476e-08
0
0
0
0
0
0
0
0
0
0
0
0
0
0
0
0
0
0
0
0
0
0
0
0
0
0
0
0
0
0
0
0
0
0
0
0
0
0
0
0
0
0
0
0
0
0
0
0
0
0
0
0
0
0
0
0
0
0
0
0
0
0
0
0
0
0
0
0
0
0
0
0
0
0
0
0
0
0
0
0
0
0
0
0
0
0
0
0
0
0
0
0
0
0
0
0
0
0
0
0
0
0
0
0
0
0
0
0
0
0
0
0
0
0
0
0
0
0
0
0
0
0
0
0
0
0
0
0
0
0
0
0
0
0
0
0
0
0
0
0
0
0
0
0
0
0
0
0
0
0
0
0
0
0
0
0
0
0
0
0
0
0
0
0
0
0
0
0
0
0
0
0
0
0
0
0
0
0
0
0
0
0
0
0
0
0
0
0
0
0
0
0
0
0
0
0
0
0
0
0
0
0
0
0
0
0
0
0
0
0
0
0
0
0
0
0
0
0
0
0
0
0
0
0
0
0
0
0
0
0
0
0
0
0
0
0
0
0
0
0
0
0
0
0
0
0
0
0
0
0
0
0
0
0
0
0
0
0
0
0
0
0
0
0
0
0
0
0
0
0
0
0
0
0
0
0
0
0
0
0
0
0
0
0
0
0
0
0
0
0
0
0
0
0
0
0
0
0
0
0
0
0
0
0
0
0
0
0
0
0
0
0
0
0
0
0
0
0
0
0
0
0
0
0
0
0
0
0
0
0
0
0
0
0
0
0
0
0
0
0
0
0
0
0
0
0
0
0
0
0
0
0
0
0
0
0
0
0
0
0
0
0
0
0
0
0
0
0
0
0
0
0
0
0
0
0
0
0
0
0
0
0
0
0
0
0
0
0
0
0
0
0
0
0
0
0
0
0
0
0
0
0
0
0
0
0
0
0
0
0
0
0
0
0
0
0
0
0
0
0
0
0
0
0
0
0
0
0
0
0
0
0
0
0
0
0
0
0
0
0
0
0
0
0
0
0
0
0
0
0
0
0
0
0
0
0
0
0
0
0
0
0
0
0
0
0
0
0
0
0
0
0
0
0
0
0
0
0
0
0
0
0
0
0
0
0
0
0
0
0
0
0
0
0
0
0
0
0
0
0
0
0
0
0
0
0
0
0
0
0
0
0
0
0
0
0
0
0
0
0
0
0
0
0
0
0
0
0
0
0
0
0
0
0
0
0
0
0
0
0
0
0
0
0
0
0
0
0
0
0
0
0
0
0
0
0
0
0
0
0
0
0
0
0
0
0
0
0
0
0
0
0
0
0
0
0
0
0
0
0
0
0
1.4822e-323
6.9533e-310
6.90759e-310
6.9533e-310
9.88131e-324
1.01234e-320
6.90759e-310
0
5.34255e-318
5.33619e-318
5.33619e-318
0
2.47033e-323
1.56836e-317
1.57241e-317
1.5705e-317
1.57051e-317
5.32231e-318
1.4822e-323
0
0
0
0
0
1.4822e-323
6.9533e-310
6.90759e-310
6.9533e-310
9.88131e-324
1.01234e-320
6.90759e-310
0
9.04591e-318
9.04472e-318
9.04472e-318
0
1.58101e-322
4.94066e-324
6.90759e-310
6.90759e-310
1.58101e-322
2.122e-314
4.94066e-323
0
6.90759e-310
6.9533e-310
6.90759e-310
7.42698e-314
6.9533e-310
6.90759e-310
6.90759e-310
6.9533e-310
6.36599e-314
6.90759e-310
1.57051e-317
6.9533e-310
6.9533e-310
6.9533e-310
0
6.9533e-310
8.09692e-317
2.96439e-323
6.90759e-310
6.36603e-314
6.90759e-310
6.90759e-310
6.90759e-310
1.01234e-320
8.09692e-317
4.94066e-324
1.63971e-319
0
0
5.38014e-318
2.02369e-320
1.05137e-320
7.40101e-315
3.76214e-315
7.3622e-315
0
6.90759e-310
2.17121e-315
6.90759e-310
0
6.90759e-310
2.122e-314
6.90759e-310
6.90759e-310
6.90759e-310
0
6.90759e-310
2.122e-314
6.90752e-310
4.94066e-324
0
6.9533e-310
0
3.67253e-314
6.90752e-310
0
4.94066e-323
6.9533e-310
6.9533e-310
6.90759e-310
6.95314e-310
0
6.90759e-310
6.90759e-310
2.07338e-317
6.90759e-310
6.9533e-310
4.11063e-321
3.328e-294
0
2.124e-314
1.08773e-319
3.16202e-322
5.37002e-318
1.3351e-307
4.31115e-308
1.061e-313
0
0
0
5.33619e-318
5.33619e-318
1.03613e-317
1.2732e-313
5.33931e-318
1.57006e-317
1.57006e-317
4.40707e-321
4.46635e-321
1.03613e-317
1.2732e-313
5.33943e-318
1.57007e-317
1.57007e-317
2.68772e-321
2.68772e-321
3.95253e-323
8.48798e-314
2.25294e-321
2.25294e-321
2.25294e-321
3.35965e-322
3.35965e-322
1.97626e-323
9.32067e-314
5.14876e-318
5.14876e-318
5.14876e-318
2.41302e-320
2.41302e-320
1.97626e-323
1.35647e-313
0
0
0
0
0
7.90505e-323
9.32067e-314
5.33931e-318
1.57006e-317
1.57006e-317
3.24107e-321
3.24107e-321
4.94066e-324
4.24399e-313
4.74069e-307
9.40273e-202
-1.62197e+71
9.86456e-314
2.122e-314
2.76212e-317
1.2732e-313
1.58101e-322
4.24399e-313
2.54639e-313
4.9051e-144
1.35341e-143
-2.48079e-260
1.13833e-320
9.6339e+79
-9.13519e+09
-2.14978e-136
4.62854e-306
5.15292e-231
7.96307e-222
2.00002
6.22496e-289
1.72929e-260
1.64495e-303
0
-3.47668e-310
-164096
2.0697e-289
8.49219e-314
-1.39068e-308
1.2575e-293
8.70894e-311
2.31306e-289
8.36204e-299
6.79712e-313
4.59953e+43
6.9533e-310
6.9533e-310
6.90759e-310
6.90759e-310
6.90759e-310
4.94066e-324
6.90759e-310
0
6.90759e-310
6.90759e-310
1.03951e-320
6.90759e-310
6.90759e-310
6.90759e-310
6.90759e-310
1.03951e-320
6.90759e-310
6.90759e-310
6.9533e-310
6.9533e-310
6.90759e-310
6.9533e-310
6.90759e-310
6.90759e-310
6.9533e-310
2.36872e-315
3.70113e-317
1.4822e-322
6.9533e-310
6.90759e-310
6.90759e-310
6.9533e-310
6.9533e-310
6.90759e-310
6.90752e-310
2.96439e-323
6.9533e-310
7.5376e-315
0
2.2727e-322
6.90759e-310
6.9533e-310
6.90759e-310
0
6.90759e-310
6.9533e-310
6.90759e-310
1.4822e-323
2.52023e-320
6.90759e-310
6.90759e-310
6.90759e-310
6.90759e-310
2.52023e-320
6.90759e-310
6.90759e-310
6.9533e-310
6.9533e-310
6.90759e-310
6.90759e-310
6.90759e-310
6.90759e-310
6.90759e-310
4.02248e-315
4.02664e-321
6.90759e-310
6.90759e-310
6.90759e-310
6.90759e-310
4.02664e-321
6.90759e-310
6.90759e-310
6.9533e-310
6.9533e-310
6.90759e-310
6.57416e-315
2.0734e-317
2.07274e-317
6.9533e-310
3.58628e-315
5.60356e-317
2.2233e-322
6.9533e-310
6.90759e-310
6.90759e-310
6.9533e-310
6.9533e-310
6.90759e-310
0
2.96439e-323
6.90759e-310
4.94066e-324
0
4.94066e-324
6.90759e-310
6.9533e-310
6.90759e-310
0
6.90759e-310
6.9533e-310
6.90759e-310
1.4822e-323
6.90759e-310
4.94066e-324
0
4.94066e-324
6.90759e-310
6.90759e-310
6.90759e-310
2.122e-314
0
6.90759e-310
6.9533e-310
2.122e-314
6.9533e-310
3.58628e-315
2.0734e-317
2.122e-314
6.90759e-310
6.90759e-310
6.90759e-310
6.90759e-310
6.90759e-310
4.94066e-324
0
6.90759e-310
6.90759e-310
6.9533e-310
6.90759e-310
0
0
0
3.1145e-317
3.1142e-317
6.9533e-310
6.9533e-310
4.94066e-324
6.9533e-310
6.90759e-310
4.94066e-324
0
0
6.90759e-310
6.9533e-310
6.90759e-310
0
0
0
0
0
0
0
0
1.38524e-309
5.43223e-312
0
0
0
0
0
0
6.90759e-310
6.90759e-310
6.90759e-310
6.90759e-310
6.90759e-310
6.90759e-310
6.90759e-310
6.90759e-310
0
6.9533e-310
3.11457e-317
3.11471e-317
2.07392e-317
2.07392e-317
3.11457e-317
6.90759e-310
4.94066e-324
6.9533e-310
3.1142e-317
2.0746e-317
6.9533e-310
2.12203e-314
6.9533e-310
2.07461e-317
9.88131e-324
2.07466e-317
0
0
