0
0
1.16858e-08
6.60467e-08
7.31742e-08
-2.03218e-07
-7.08122e-07
-6.88501e-07
6.32581e-07
2.49939e-06
2.37357e-06
-1.35753e-06
-5.98605e-06
-5.47394e-06
2.76761e-06
1.19976e-05
1.03315e-05
-5.59581e-06
-2.18399e-05
-1.75913e-05
1.06008e-05
3.70746e-05
2.81595e-05
-1.84088e-05
-5.92134e-05
-4.28623e-05
2.97604e-05
8.9781e-05
6.23091e-05
-4.57904e-05
-0.000130635
-8.71486e-05
6.79153e-05
0.000184039
0.00011831
-9.74965e-05
-0.000252349
-0.000156842
0.000135782
0.000337758
0.000203565
-0.000184204
-0.000442445
-0.000259044
0.000244561
0.000568856
0.000323885
-0.00031879
-0.000719626
-0.000398879
0.000408633
0.000897208
0.000484739
-0.000515685
-0.00110368
-0.000581791
0.000641684
0.00134095
0.000690049
-0.000788565
-0.00161094
-0.000809529
0.00095813
0.00191539
0.00094027
-0.00115175
-0.00225541
-0.00108201
0.00137051
0.00263142
0.00123394
-0.00161541
-0.00304335
-0.00139493
0.00188731
0.00349071
0.00156375
-0.00218654
-0.00397228
-0.00173904
0.00251261
0.0044857
0.00191894
-0.00286447
-0.00502747
-0.00210098
0.00324062
0.00559322
0.00228238
-0.00363891
-0.0061776
-0.00246024
0.0040561
0.00677395
0.00263142
-0.00448777
-0.00737399
-0.00279222
0.0049285
0.00796792
0.00293839
-0.00537198
-0.00854468
-0.0030655
0.00581068
0.00909181
0.00316915
-0.00623549
-0.00959513
-0.00324467
0.00663572
0.0100385
0.00328697
-0.00699936
-0.0104043
-0.0032907
0.00731312
0.0106733
0.00325065
-0.00756206
-0.0108249
-0.00316183
0.00772936
0.0108369
0.00301923
-0.00779648
-0.010685
-0.00281775
0.00774351
0.0103438
0.00255249
-0.00754911
-0.00978699
-0.00221911
0.00719023
0.00898696
0.00181388
-0.00664205
-0.00791488
-0.00133339
0.00587839
0.006541
0.000774615
-0.00487198
-0.00483513
-0.000135266
0.00359449
0.00276696
-0.000585879
-0.00201634
-0.000305946
0.0013891
0.00010687
-0.00257862
-0.00227394
0.00216513
0.00591706
0.00323915
-0.00483106
-0.00973879
-0.0042822
0.00792255
0.0140721
0.00539921
-0.0114714
-0.018944
-0.00658509
0.0155094
0.0243805
0.00783382
-0.0200675
-0.0304054
-0.00913828
0.0251755
0.0370401
0.0104899
-0.0308622
-0.0443034
-0.0118785
0.0371553
0.0522117
0.0132932
-0.0440806
-0.0607785
-0.0147217
0.0516618
0.0700139
0.0161512
-0.0599201
-0.0799242
-0.017567
0.0688742
0.0905121
0.0189538
-0.07854
-0.101777
-0.0202955
0.0889304
0.113713
0.0215753
-0.100055
-0.126313
-0.0227759
0.111918
0.139561
0.0238793
-0.124523
-0.153441
-0.0248671
0.137868
0.167932
0.0257209
-0.151946
-0.183007
-0.0264224
0.166748
0.198637
0.0269536
-0.182258
-0.214787
-0.0272963
0.198459
0.23142
0.0274329
-0.215327
-0.248495
-0.0273468
0.232836
0.265967
0.0270223
-0.250954
-0.283789
-0.0264445
0.269647
0.301911
0.0255993
-0.288876
-0.320279
-0.0244742
0.308599
0.338839
0.0230582
-0.328771
-0.357534
-0.0213419
0.349342
0.376306
0.0193173
-0.370263
-0.395097
-0.016978
0.391478
0.413847
0.0143193
-0.412934
-0.432498
-0.011339
0.434573
0.450989
0.00803621
-0.456336
-0.469264
-0.00441193
0.478165
0.487264
0.000468864
-0.5
-0.504935
0.00378821
0.521782
0.522224
-0.00835257
-0.543453
-0.539079
0.013216
0.564952
0.555452
-0.0183688
-0.586226
-0.571297
0.0237999
0.607217
0.586574
-0.0294962
-0.627874
-0.601243
0.0354437
0.648146
0.615269
-0.0416271
-0.667986
-0.628622
0.0480305
0.687347
0.641275
-0.054637
-0.706191
-0.653204
0.0614288
0.724478
0.664393
-0.0683874
-0.742174
-0.674826
0.0754946
0.75925
0.684494
-0.0827318
-0.77568
-0.69339
0.0900805
0.791442
0.701512
-0.0975219
-0.806519
-0.708864
0.105038
0.820896
0.71545
-0.112611
-0.834565
-0.721281
0.120223
0.847521
0.726368
-0.12786
-0.859763
-0.730729
0.135504
0.871293
0.734382
-0.143141
-0.882117
-0.737348
0.150759
0.892246
0.739651
-0.158344
-0.901694
-0.741318
0.165885
0.910475
0.742375
-0.173372
-0.91861
-0.742852
0.180796
0.926119
0.74278
-0.18815
-0.933026
-0.742188
0.195428
0.939357
0.74111
-0.202623
-0.945139
-0.739577
0.209733
0.950401
0.73762
-0.216754
-0.95517
-0.735272
0.223685
0.959479
0.732563
-0.230525
-0.963357
-0.729525
0.237274
0.966835
0.726187
-0.243933
-0.969943
-0.722579
0.250504
0.972711
0.718726
-0.25699
-0.975169
-0.714656
0.263394
0.977345
0.710394
-0.26972
-0.979268
-0.705962
0.275971
0.980963
0.701383
-0.282153
-0.982457
-0.696676
0.28827
0.983772
0.69186
-0.294327
-0.984931
-0.686953
0.300329
0.985955
0.681969
-0.30628
-0.986863
-0.676921
0.312186
0.987673
0.671823
-0.318052
-0.9884
-0.666684
0.323882
0.989058
0.661514
-0.32968
-0.989661
-0.656321
0.335451
0.990219
0.651112
-0.341198
-0.990742
-0.645892
0.346925
0.991238
0.640665
-0.352635
-0.991713
-0.635435
0.358331
0.992174
0.630204
-0.364014
-0.992624
-0.624974
0.369688
0.993067
0.619747
-0.375354
-0.993505
-0.614522
0.381013
0.993939
0.609301
-0.386666
-0.99437
-0.604081
0.392314
0.994798
0.598863
-0.397957
-0.995222
-0.593645
0.403597
0.995642
0.588427
-0.409231
-0.996055
-0.583206
0.41486
0.996459
0.577981
-0.420485
-0.996853
-0.572751
0.426103
0.997235
0.567514
-0.431715
-0.997601
-0.562268
0.437319
0.99795
0.557011
-0.442915
-0.998279
-0.551743
0.448502
0.998586
0.546462
-0.454078
-0.998868
-0.541167
0.459642
0.999123
0.535857
-0.465194
-0.999349
-0.53053
0.470732
0.999544
0.525185
-0.476256
-0.999706
-0.519823
0.481764
0.999834
0.514442
-0.487256
-0.999927
-0.509043
0.49273
0.999983
0.503624
-0.498186
-1
-0.498185
0.503623
0.99998
0.492727
-0.509041
-0.999921
-0.48725
0.514439
0.999822
0.481754
-0.519817
-0.999684
-0.476239
0.525174
0.999507
0.470706
-0.53051
-0.999291
-0.465155
0.535825
0.999038
0.459587
-0.541121
-0.998747
-0.454003
0.546396
0.998422
0.448403
-0.551652
-0.998062
-0.442789
0.556889
0.997669
0.43716
-0.562109
-0.997245
-0.431519
0.567311
0.996793
0.425866
-0.572498
-0.996314
-0.420202
0.57767
0.995811
0.414528
-0.582829
-0.995285
-0.408845
0.587976
0.99474
0.403153
-0.593113
-0.994178
-0.397454
0.598241
0.9936
0.391749
-0.603363
-0.99301
-0.386037
0.608479
0.99241
0.38032
-0.613592
-0.991802
-0.374598
0.618704
0.991188
0.368871
-0.623815
-0.990569
-0.36314
0.628927
0.989947
0.357403
-0.634041
-0.989321
-0.35166
0.639158
0.988693
0.345911
-0.644279
-0.988061
-0.340155
0.649403
0.987424
0.33439
-0.65453
-0.98678
-0.328615
0.659658
0.986126
0.322827
-0.664786
-0.985456
-0.317026
0.669911
0.984766
0.311208
-0.675028
-0.984049
-0.30537
0.680133
0.983297
0.299509
-0.685221
-0.9825
-0.293622
0.690284
0.981647
0.287706
-0.695313
-0.980725
-0.281757
0.700299
0.97972
0.275771
-0.705231
-0.978617
-0.269743
0.710095
0.977398
0.26367
-0.714877
-0.976044
-0.257548
0.71956
0.974534
0.251373
-0.724128
-0.972847
-0.245141
0.728561
0.970957
0.238848
-0.732838
-0.968842
-0.232491
0.736935
0.966473
0.226068
-0.740829
-0.963825
-0.219576
0.744493
0.960868
0.213013
-0.747902
-0.957573
-0.206377
0.751025
0.953911
0.19967
-0.753834
-0.949853
-0.19289
0.756297
0.945367
0.186039
-0.758384
-0.940424
-0.17912
0.760061
0.934994
0.172135
-0.761298
-0.92905
-0.165088
0.762061
0.922562
0.157985
-0.762316
-0.915506
-0.150833
0.762034
0.907855
0.143638
-0.761182
-0.899587
-0.136409
0.759729
0.890683
0.129157
-0.757647
-0.881122
-0.121891
0.754907
0.87089
0.114625
-0.751486
-0.859975
-0.10737
0.747358
0.848368
0.100141
-0.742503
-0.836062
-0.0929519
0.736903
0.823057
0.0858189
-0.730542
-0.809353
-0.0787576
0.723409
0.794956
0.0717847
-0.715496
-0.779877
-0.0649174
0.706798
0.76413
0.0581731
-0.697313
-0.747732
-0.051569
0.687047
0.730705
0.0451222
-0.676006
-0.713076
-0.0388502
0.664203
0.694876
0.03277
-0.651652
-0.676137
-0.0268977
0.638375
0.656899
0.0212488
-0.624397
-0.637201
-0.015838
0.609746
0.617089
0.0106794
-0.594456
-0.59661
-0.00578582
0.578563
0.575814
0.00116852
-0.562108
-0.554754
0.00316259
0.545134
0.533483
-0.00719886
-0.527691
-0.512058
0.0109331
0.509827
0.490536
-0.0143597
-0.491596
-0.468975
0.0174754
0.473052
0.447432
-0.0202784
-0.454253
-0.425967
0.0227683
0.435258
0.404638
-0.0249468
-0.416126
-0.3835
0.0268172
0.396916
0.362611
-0.028385
-0.377691
-0.342023
0.0296571
0.358509
0.32179
-0.0306419
-0.339431
-0.301961
0.0313493
0.320514
0.282582
-0.031791
-0.301817
-0.263698
0.0319799
0.283393
0.24535
-0.0319302
-0.265297
-0.227574
0.0316569
0.247578
0.210405
-0.0311759
-0.230283
-0.193872
0.0305041
0.213457
0.178
-0.0296594
-0.19714
-0.162811
0.0286593
0.181369
0.148324
-0.0275221
-0.166177
-0.13455
0.0262658
0.151593
0.1215
-0.0249091
-0.137642
-0.109178
0.0234699
0.124344
0.0975857
-0.021966
-0.111715
-0.0867206
0.0204142
0.0997674
0.0765763
-0.0188312
-0.0885084
-0.0671429
0.0172329
0.0779419
0.0584072
-0.0156344
-0.0680674
-0.0503536
0.0140493
0.0588805
0.0429632
-0.0124905
-0.050373
-0.0362144
0.0109698
0.0425333
0.0300835
-0.009498
-0.035347
-0.0245451
0.00808444
0.0287963
0.0195721
-0.00673705
-0.0228606
-0.0151359
0.00546263
0.0175171
0.0112067
-0.00426697
-0.0127406
-0.00775399
0.00315469
0.00850472
0.00474696
-0.00212892
-0.00478115
-0.00215462
0.00119152
0.00154023
-5.42942e-05
-0.000343494
0.00124855
0.0019109
-0.000414992
-0.00361601
-0.00344561
0.00108479
0.00559319
0.00468794
-0.00166789
-0.00721142
-0.00566666
0.00216711
0.00850197
0.00640974
-0.0025857
-0.00949547
-0.00694402
0.00292737
0.0102216
0.00729474
-0.00319649
-0.0107093
-0.00748565
0.00339808
0.0109864
0.00753917
-0.00353743
-0.01108
-0.00747645
0.00361979
0.0110152
0.00731695
-0.00365049
-0.0108158
-0.00707831
0.00363512
0.010504
0.00677649
-0.00357948
-0.0101004
-0.00642617
0.00348912
0.00962447
0.0060406
-0.0033692
-0.00909331
-0.00563142
0.00322467
0.00852237
0.00520855
-0.00306053
-0.00792562
-0.00478059
0.00288157
0.00731562
0.00435513
-0.00269205
-0.00670329
-0.0039386
0.00249568
0.00609776
0.00353611
-0.0022959
-0.00550665
-0.0031515
0.00209604
0.0049365
0.00278784
-0.00189907
-0.00439275
-0.00244758
0.00170731
0.0038795
0.00213244
-0.00152258
-0.00339955
-0.00184317
0.0013465
0.00295476
0.00157984
-0.00118062
-0.00254642
-0.00134226
0.00102605
0.00217515
0.00113002
-0.000883345
-0.00184066
-0.000942273
0.000752717
0.00154194
0.000777631
-0.000634379
-0.00127761
-0.000634488
0.000528489
0.00104619
0.000511342
-0.000434847
-0.0008459
-0.000406742
0.000352834
0.000674443
0.000318999
-0.000281731
-0.000529266
-0.000246176
0.000220978
0.000407929
0.000186432
-0.000170011
-0.000308168
-0.000138247
0.000127977
0.000227626
0.000100232
-9.37802e-05
-0.000163729
-7.08475e-05
6.64368e-05
0.000113966
4.84852e-05
-4.52217e-05
-7.61972e-05
-3.18133e-05
2.94181e-05
4.85746e-05
1.98763e-05
-1.80749e-05
-2.92296e-05
-1.18096e-05
1.01628e-05
1.62337e-05
6.61003e-06
-4.91373e-06
-7.9173e-06
-3.31268e-06
1.84659e-06
3.08042e-06
1.3061e-06
-4.55976e-07
-7.88937e-07
-3.04608e-07
5.08999e-08
7.47177e-08
1.43984e-08
0
0
