0
0
-1.19227e-08
-6.15596e-08
-3.08198e-08
2.86076e-07
6.24593e-07
1.24426e-07
-1.36806e-06
-2.02789e-06
2.7669e-07
4.08351e-06
4.02195e-06
-2.58542e-06
-9.27783e-06
-5.46371e-06
8.79933e-06
1.71472e-05
4.12028e-06
-2.08096e-05
-2.63792e-05
3.33069e-06
3.95611e-05
3.36003e-05
-2.07953e-05
-6.41816e-05
-3.34684e-05
5.15672e-05
9.11195e-05
1.93945e-05
-9.67071e-05
-0.000113571
1.5231e-05
0.000153563
0.000121717
-7.53065e-05
-0.000214866
-0.000104106
0.000161862
0.000268584
4.99966e-05
-0.000269952
-0.000298733
4.78177e-05
0.000387403
0.000287426
-0.000190184
-0.000495022
-0.000218249
0.000369166
0.000568433
8.04323e-05
-0.000566646
-0.000581383
0.000127137
0.000754762
0.000510304
-0.000393008
-0.000898701
-0.000339681
0.000692002
0.000961654
6.72888e-05
-0.00098632
-0.000911186
0.000292067
0.00122936
0.000726032
-0.000705502
-0.00137225
-0.000402283
0.00112425
0.00137222
-4.231e-05
-0.00148914
-0.00120132
0.000567342
0.00173886
0.000853752
-0.00111301
-0.0018202
-0.000350188
0.00160759
0.00169858
-0.000261826
-0.00197813
-0.00136656
0.000912463
0.00216269
0.000848241
-0.00151912
-0.0021222
-0.000198341
0.00199968
0.00184965
-0.000504637
-0.00228713
-0.00137412
0.00117039
0.00234273
0.000758086
-0.00171256
-0.00216491
-8.76624e-05
0.0020655
0.00179183
-0.000542939
-0.00219853
-0.00129596
0.00105009
0.00212408
0.000770588
-0.00137928
-0.00189732
-0.000310064
0.00151955
0.00160627
-1.26936e-05
-0.00150992
-0.00135314
0.000166653
0.00143488
0.00122942
-0.000176404
-0.0014082
-0.00128911
0.000125139
0.0015469
0.00152605
-0.000144158
-0.00193939
-0.00186125
0.000388502
0.00261367
0.0021449
-0.00100132
-0.00351236
-0.00217543
0.00207279
0.00448161
0.00173473
-0.0036014
-0.00527929
-0.000635836
0.00546625
0.0056047
-0.00122443
-0.00741813
-0.00514803
0.00381768
0.00909523
0.00365333
-0.00695192
-0.0100655
-0.00098559
0.0102648
0.00989304
-0.00281019
-0.0132479
-0.00822004
0.00747087
0.0153044
0.00485204
-0.0125093
-0.0158344
0.000168816
0.0172479
0.0143391
-0.00651741
-0.0208927
-0.0105285
0.0135794
0.0226408
0.00441206
-0.0204933
-0.0218104
0.00364344
0.0262413
0.0179727
-0.0129053
-0.0297815
-0.0110649
0.0223244
0.0302057
0.00146317
-0.0306426
-0.0268996
0.0100035
0.0365499
0.0196814
-0.0221081
-0.038872
-0.00889331
0.0333488
0.0367622
-0.00457565
-0.0421302
-0.0298689
0.0193459
0.0469811
0.0184483
-0.0336839
-0.0467801
-0.00340111
0.0457066
0.0409541
-0.0137816
-0.0536289
-0.0296171
0.0311645
0.0560219
0.013624
-0.0465923
-0.052045
0.00547757
0.0579648
0.0416137
-0.0255977
-0.0635284
-0.0254736
0.0443434
0.0621397
0.0051642
-0.0593184
-0.0534645
0.0171315
0.0684437
0.0380767
-0.0388362
-0.0702538
-0.0174368
0.0572962
0.0641259
-0.00625151
-0.0701278
-0.0504049
0.0302946
0.0755424
0.0304023
-0.0518394
-0.0726054
-0.00626463
0.0682388
0.0613882
-0.0192772
-0.0774012
-0.04299
0.0432436
0.0780762
0.0194228
-0.0627841
-0.0700338
0.00662902
0.0755454
0.0541105
-0.0321424
-0.0799791
-0.0321142
0.0541385
0.0755452
0.00660068
-0.0700619
-0.0627837
0.0194512
0.0781042
0.043243
-0.0430185
-0.077429
-0.0192764
0.0614167
0.0682664
-0.00626566
-0.0726341
-0.051867
0.0304036
0.0755713
0.0303221
-0.0504063
-0.0701567
-0.00627891
0.0641275
0.0573252
-0.0174095
-0.0702556
-0.0388652
0.0380496
0.0684457
0.0171607
-0.0534375
-0.0593207
0.0051349
0.0621127
0.0443459
-0.0254442
-0.0635015
-0.0256003
0.0415842
0.0579382
0.00548042
-0.0520155
-0.0465657
0.0136209
0.0559922
0.0311381
-0.0296138
-0.0535991
-0.0137552
0.0409506
0.0456769
-0.00342733
-0.0467765
-0.0336541
0.0184743
0.0469772
0.019316
-0.0298948
-0.042126
-0.0045456
0.0367881
0.0333445
-0.00892343
-0.0388977
-0.0221037
0.0197116
0.0365755
0.00999884
-0.0269298
-0.030668
0.00146808
0.030236
0.0223497
-0.01107
-0.029812
-0.0129305
0.017978
0.0262718
0.00366854
-0.0218159
-0.0205238
0.00438712
0.0226465
0.01361
-0.0105037
-0.0208986
-0.0065481
0.0143145
0.0172541
0.000199603
-0.0158098
-0.0125156
0.00482121
0.01528
0.00747733
-0.00818919
-0.0132237
-0.00281688
0.00986212
0.0102407
-0.000978659
-0.0100345
-0.00692792
0.00364621
0.00906412
0.00379379
-0.00514075
-0.007387
-0.0012007
0.00559723
0.00543509
-0.000659388
-0.00527158
-0.00357017
0.00175814
0.00447368
0.00204146
-0.00219873
-0.00350425
-0.00096994
0.00216808
0.00260541
0.000357107
-0.00188426
-0.00193093
-0.000112731
0.00154888
0.0015382
9.36279e-05
-0.0013118
-0.00139929
-0.000144806
0.00125201
0.00142581
0.000135019
-0.0013756
-0.00150068
1.8945e-05
0.00162854
0.0015101
-0.000341744
-0.00191941
-0.00136959
0.000802354
0.00214604
0.0010402
-0.00132779
-0.00222038
-0.000532896
0.00182368
0.00208719
-9.78789e-05
-0.00219676
-0.00173406
0.000768528
0.00237463
0.00119172
-0.00138479
-0.00231912
-0.000525844
0.0018605
0.00203171
-0.000177256
-0.0021332
-0.00155115
0.000827331
0.00217387
0.000944495
-0.00134584
-0.00198954
-0.000293915
0.00167803
0.00161922
-0.000318025
-0.00179977
-0.0011248
0.00082156
0.00171856
0.000579285
-0.00116914
-0.00146903
-5.44508e-05
0.00134002
0.00110434
-0.000389909
-0.00133999
-0.000685736
0.000713454
0.00119704
0.000272421
-0.000898456
-0.000953993
8.67781e-05
0.000948765
0.000659693
-0.000358965
-0.0008856
-0.00036068
0.000529395
0.000741432
9.47474e-05
-0.000600333
-0.000553131
0.000112864
0.000587254
0.000355509
-0.000250666
-0.000513667
-0.00017636
0.000319821
0.000405836
3.37762e-05
-0.000331155
-0.000288203
6.42551e-05
0.000301064
0.00017998
-0.000118529
-0.000247366
-9.32874e-05
0.000136278
0.000186036
3.30206e-05
-0.00012831
-0.000129164
1.81637e-06
0.00010608
8.40607e-05
-1.60589e-05
-7.93466e-05
-5.33387e-05
1.63195e-05
5.48769e-05
3.5876e-05
-9.25222e-06
-3.62686e-05
-2.83892e-05
2.2772e-07
2.44512e-05
2.70378e-05
7.43157e-06
-1.84613e-05
-2.85206e-05
-1.24663e-05
1.63415e-05
3.05488e-05
1.50473e-05
-1.60803e-05
-3.19312e-05
-1.59547e-05
1.63241e-05
3.2451e-05
1.60085e-05
-1.65576e-05
-3.25108e-05
-1.58091e-05
1.68031e-05
3.25135e-05
1.54652e-05
-1.7069e-05
-3.21332e-05
-1.47274e-05
1.70088e-05
3.09031e-05
1.38871e-05
-1.5732e-05
-2.86194e-05
-1.40785e-05
1.2015e-05
2.57332e-05
1.71512e-05
-5.0123e-06
-2.38405e-05
-2.52664e-05
-4.86356e-06
2.59722e-05
4.02733e-05
1.53175e-05
-3.62591e-05
-6.27758e-05
-2.1974e-05
5.88646e-05
9.09636e-05
1.86103e-05
-9.65028e-05
-0.000119672
2.04623e-06
0.000148946
0.000140249
-4.67375e-05
-0.000211754
-0.000141485
0.000119404
0.000275444
0.000111444
-0.000218809
-0.000325559
-3.99643e-05
0.000336821
0.000344134
-7.83592e-05
-0.000457837
-0.000312668
0.000241132
0.000559596
0.000216076
-0.00043587
-0.000615538
-4.68565e-05
0.000639418
0.000598862
-0.000191237
-0.00081962
-0.000487914
0.00048071
0.000939176
0.000271918
-0.000789893
-0.00096128
4.43002e-05
0.00107534
0.000856466
-0.000437707
-0.00128724
-0.000609694
0.000867299
0.00137721
0.000226203
-0.00127765
-0.00130703
0.000265525
0.0016059
0.0010571
-0.000814812
-0.00179155
-0.00063295
0.00135411
0.0017875
6.81971e-05
-0.00180812
-0.00157007
0.000577321
0.00210567
0.00114591
-0.00122483
-0.00219259
-0.000554257
0.00178845
0.00204316
-0.00013657
-0.00218961
-0.00166734
0.000838693
0.00237167
0.00111171
-0.00145928
-0.00231193
-0.000453268
0.0019178
0.00202831
-0.000213326
-0.00216248
-0.00157832
0.000793613
0.00218237
0.00104936
-0.00121319
-0.00201202
-0.000541371
0.00143569
0.00172693
0.000144768
-0.00147433
-0.00142902
8.23839e-05
0.00139356
0.00122375
-0.000133124
-0.00129885
-0.00119264
6.15402e-05
0.0013152
0.00136671
2.01036e-05
-0.00155697
-0.00170706
4.10871e-05
0.00209394
0.00209791
-0.000407628
-0.00292033
-0.00235606
0.00121157
0.0039344
0.00225807
-0.00251219
-0.00493533
-0.00158314
0.00425969
0.00564127
0.000165855
-0.00627387
-0.00572912
0.00205033
0.00824522
0.00489234
-0.00496973
-0.00976313
-0.00290916
0.00832156
0.0103709
-0.000290129
-0.011666
-0.00964213
0.00457004
0.0144338
0.00726779
-0.00956399
-0.0159987
-0.00314055
0.0146851
0.0157751
-0.00257996
-0.0191788
-0.0133287
0.00943586
0.0222138
0.00848066
-0.0166854
-0.0230049
-0.00138899
0.0233682
0.0209486
-0.00741304
-0.0284176
-0.015753
0.0170327
0.0308091
0.0075377
-0.0262946
-0.0297254
0.00311675
0.0338742
0.024714
-0.0151838
-0.0384741
-0.0158099
0.0272778
0.0390206
0.00360066
-0.0378069
-0.0348515
0.0107851
0.0451778
0.0258656
-0.0257713
-0.048024
-0.0126063
0.0395058
0.0454278
-0.00374151
-0.0500906
-0.0370979
0.021448
0.0558429
0.0234759
-0.0384244
-0.0555504
-0.00574603
0.0524776
0.0486814
-0.0142605
-0.0616007
-0.0355163
0.0342608
0.0642616
0.0171737
-0.0517946
-0.0596459
0.00447802
0.0645421
0.0478161
-0.0270208
-0.0706437
-0.0297591
0.0477749
0.068974
0.00730797
-0.0641392
-0.0593306
0.0170556
0.0739382
0.042505
-0.0404974
-0.0757256
-0.0202211
0.0601863
0.0690013
-0.00505515
-0.0736635
-0.0543081
0.0304123
0.0791718
0.0331905
-0.052858
-0.0758996
-0.00801794
0.0697029
0.0641029
-0.0183056
-0.07891
-0.0450869
0.0427073
0.0793623
0.0210485
-0.062336
-0.0710099
0.00520122
0.0749265
0.0548753
-0.0305954
-0.0790837
-0.0329181
0.0522024
0.0744531
0.00777706
-0.0675947
-0.0617499
0.017574
0.0751466
0.0426487
-0.0402082
-0.0742211
-0.0195488
0.0576132
0.0652226
-0.00474858
-0.0679943
-0.0495122
0.0274061
0.0704734
0.0292
-0.0459081
-0.0651613
-0.00684832
0.0583618
0.0530982
-0.0148716
-0.0637035
-0.0360749
0.0335203
0.0617862
0.0163658
-0.0471818
-0.0533423
0.00358656
0.0546712
0.0398344
-0.0214893
-0.0556325
-0.0232196
0.0354761
0.0505215
0.00566632
-0.0443082
-0.0404832
0.0107363
0.0474781
0.0271493
-0.0242348
-0.0452087
-0.0123875
0.0336013
0.0383555
-0.00195718
-0.0382377
-0.0282348
0.0142945
0.0381854
0.0164072
-0.0234638
-0.0340504
-0.00445141
0.0288338
0.0268597
-0.00624073
-0.0303195
-0.0178778
0.0146201
0.0283243
0.00841287
-0.0200719
-0.0236233
0.000359963
0.0224366
0.0172099
-0.00753343
-0.0219653
-0.0101332
0.0125488
0.0192246
0.0033494
-0.0152166
-0.0149719
0.00239163
0.0156829
0.0100207
-0.00661429
-0.0143519
-0.00511972
0.00913514
0.0117851
0.00085956
-0.0100358
-0.00859265
0.00238149
0.00960153
0.00533668
-0.00445101
-0.0082393
-0.00245831
0.00539948
0.00639228
0.000235937
-0.00543028
-0.00446414
0.00122313
0.00483492
0.00276393
-0.00196196
-0.00392609
-0.00147663
0.00213265
0.00298006
0.000660111
-0.00194479
-0.00219653
-0.000264324
0.00161411
0.00167997
0.000166095
-0.00131995
-0.00144151
-0.00021041
0.00117748
0.00141777
0.000249659
-0.00122735
-0.00150022
-0.000174101
0.00144186
0.00156825
-7.04208e-05
-0.00174361
-0.00151919
0.000478703
0.0020309
0.00128978
-0.000995084
-0.00220434
-0.000866317
0.00153156
0.00218936
0.000283412
-0.00199023
-0.00195106
0.000386758
0.00228496
0.00149928
-0.0010515
-0.00235825
-0.00088417
0.00161705
0.00219095
0.000184358
-0.00200649
-0.00180381
0.000508919
0.00217262
0.00125157
-0.00110844
-0.00210403
-0.000611227
0.00154539
0.00182433
-3.25129e-05
-0.00177924
-0.00138539
0.000601483
0.00180167
0.000856621
-0.0010355
-0.00163445
-0.000312405
0.00129957
0.00132261
-0.000179967
-0.00138623
-0.000924728
0.000569533
0.00131312
0.000502514
-0.000826861
-0.00111674
-0.000111197
0.000945058
0.000843997
-0.000207722
-0.00093718
-0.000543465
0.000430382
0.000830982
0.000258059
-0.000550848
-0.000662087
-1.9781e-05
0.000578422
0.000466997
-0.000152972
-0.00053314
-0.000277329
0.000255441
0.000440547
0.000116143
-0.000294173
-0.000326572
3.52573e-06
0.000283216
0.000213283
-7.83063e-05
-0.000239974
-0.000116224
0.000112678
0.000181611
4.3651e-05
-0.000116148
-0.000122362
2.69045e-06
0.000100098
7.18938e-05
-2.59164e-05
-7.51328e-05
-3.48627e-05
3.20399e-05
4.94497e-05
1.16571e-05
-2.797e-05
-2.82002e-05
1.08476e-07
1.97713e-05
1.35423e-05
-4.02385e-06
-1.15922e-05
-5.19852e-06
3.69886e-06
5.48916e-06
1.43837e-06
-2.00248e-06
-1.91468e-06
-2.16285e-07
6.31701e-07
3.82007e-07
-1.23848e-09
-6.90539e-08
-1.46903e-08
0
0
