0
0
-1.28616e-08
-5.01606e-08
3.77176e-08
3.45515e-07
3.48808e-07
-5.63452e-07
-1.44015e-06
-2.03737e-07
2.63297e-06
2.65158e-06
-2.38385e-06
-6.37492e-06
-1.23086e-06
8.99543e-06
8.8343e-06
-6.49645e-06
-1.75666e-05
-3.94332e-06
2.11973e-05
2.05927e-05
-1.33875e-05
-3.6261e-05
-8.01497e-06
4.05383e-05
3.77361e-05
-2.48203e-05
-6.3025e-05
-1.1627e-05
6.84627e-05
5.86175e-05
-4.35717e-05
-9.741e-05
-1.0927e-05
0.000107214
8.05276e-05
-7.38702e-05
-0.000139459
-1.8857e-06
0.000159045
0.000100766
-0.000119307
-0.000188373
1.9447e-05
0.000225295
0.000116441
-0.000182259
-0.000242411
5.57442e-05
0.000304707
0.000123852
-0.000262873
-0.00029712
0.000109745
0.000393853
0.000118113
-0.000360024
-0.000346502
0.000183525
0.000487253
9.36439e-05
-0.000471328
-0.000383481
0.000278761
0.000579078
4.60884e-05
-0.000593108
-0.00040216
0.000394232
0.0006626
-2.64033e-05
-0.000719223
-0.000397886
0.000525431
0.000730786
-0.000121893
-0.000840505
-0.000367958
0.00066338
0.00077539
-0.000235387
-0.000945371
-0.000311301
0.000796457
0.000789086
-0.000358474
-0.00102148
-0.000229972
0.000910824
0.000766698
-0.000479806
-0.00105811
-0.00013065
0.000992053
0.00070847
-0.00058355
-0.00104739
-2.63644e-05
0.00102482
0.000620429
-0.000650041
-0.000985552
6.33789e-05
0.000994352
0.000515566
-0.000656047
-0.000873322
0.000113833
0.000887896
0.000412713
-0.000578366
-0.000718137
9.67669e-05
0.00069826
0.000337501
-0.000396008
-0.000535592
-1.75602e-05
0.000426604
0.00032182
-9.38579e-05
-0.000351916
-0.000259281
8.47341e-05
0.000404084
0.000336355
-0.000203173
-0.000656472
-0.000304345
0.00062643
0.00089329
-0.000134463
-0.00123251
-0.00070655
0.00103145
0.00156461
-0.000196186
-0.00200112
-0.00107682
0.00165717
0.00232353
-0.000442084
-0.00296293
-0.00135974
0.00253326
0.00312783
-0.000925358
-0.00410171
-0.00149064
0.00367752
0.00391932
-0.00169616
-0.00538405
-0.00139943
0.00509297
0.00462688
-0.00279594
-0.00675855
-0.00101538
0.0067648
0.00516982
-0.00425265
-0.00815735
-0.000273987
0.00865715
0.00546269
-0.00607442
-0.00949636
0.000877905
0.0107115
0.0054195
-0.00824648
-0.0106788
0.00247645
0.0128468
0.00495917
-0.0107287
-0.0115992
0.00453745
0.0149632
0.00401175
-0.0134561
-0.0121511
0.00705139
0.0169464
0.00252563
-0.0163396
-0.0122341
0.00998088
0.0186743
0.000474496
-0.0192684
-0.0117626
0.0132577
0.0200228
-0.00213805
-0.0221133
-0.0106714
0.0167845
0.020873
-0.00527583
-0.0247332
-0.00892147
0.0204379
0.0211188
-0.00887047
-0.0269835
-0.00650488
0.0240755
0.0206761
-0.0128223
-0.0287256
-0.00344889
0.0275425
0.01949
-0.0170036
-0.0298366
0.000182207
0.0306799
0.0175418
-0.0212627
-0.0302164
0.00428774
0.0333325
0.0148505
-0.0254323
-0.029795
0.00873541
0.0353586
0.0114743
-0.0293378
-0.0285376
0.0133682
0.0366393
0.00750766
-0.0328097
-0.0264493
0.0180125
0.037088
0.00307931
-0.0356924
-0.0235773
0.0224874
0.0366562
-0.00165413
-0.0378547
-0.0200098
0.0266133
0.0353376
-0.00651518
-0.0391952
-0.0158713
0.0302225
0.0331677
-0.0113167
-0.0396501
-0.0113153
0.0331691
0.0302225
-0.0158727
-0.0391966
-0.00651515
0.0353391
0.0266148
-0.0200098
-0.0378561
-0.00165556
0.0366562
0.0224889
-0.0235759
-0.0356925
0.00307785
0.0370866
0.0180126
-0.0264478
-0.0328083
0.00750758
0.0366378
0.0133668
-0.0285375
-0.0293364
0.0114757
0.0353585
0.00873395
-0.0297964
-0.0254322
0.014852
0.0333339
0.00428761
-0.0302179
-0.0212641
0.0175419
0.0306814
0.000183593
-0.0298367
-0.017005
0.0194886
0.0275426
-0.00344739
-0.0287243
-0.0128224
0.0206745
0.0240741
-0.00650469
-0.0269819
-0.00886912
0.0211186
0.0204363
-0.00892281
-0.0247331
-0.00527434
0.0208743
0.0167843
-0.0106729
-0.0221146
-0.00213783
0.0200243
0.013259
-0.0117628
-0.01927
0.000473161
0.0186745
0.00998241
-0.0122328
-0.0163398
0.00252411
0.0169451
0.00705165
-0.0121495
-0.0134548
0.00401146
0.0149616
0.00453616
-0.011599
-0.0107271
0.00496046
0.0128466
0.00247492
-0.0106801
-0.0082462
0.00542103
0.0107127
0.000877596
-0.00949792
-0.00607567
0.00546301
0.00865874
-0.000272715
-0.00815766
-0.00425423
0.00516856
0.00676511
-0.00101382
-0.00675732
-0.00279628
0.00462532
0.00509176
-0.00139905
-0.00538246
-0.00169495
0.00391894
0.00367592
-0.00149187
-0.00410135
-0.00092378
0.00312904
0.00253291
-0.0013613
-0.00296412
-0.000441694
0.00232511
0.00165835
-0.00107724
-0.00200273
-0.000197383
0.00156503
0.00103307
-0.000705347
-0.00123291
-0.000136058
0.000892115
0.000626852
-0.000302762
-0.000655331
-0.00020363
0.000334754
0.000402946
8.5208e-05
-0.000257659
-0.000350759
-9.43172e-05
0.000320205
0.000425445
-1.71133e-05
-0.000533999
-0.000394875
0.000337033
0.000696664
9.56571e-05
-0.000717631
-0.000576741
0.000413829
0.000887377
0.000112189
-0.000874452
-0.00065554
0.000517194
0.000995468
6.28737e-05
-0.000987157
-0.000651122
0.000620961
0.00102643
-2.53013e-05
-0.00104795
-0.000585185
0.000707392
0.000992613
-0.000129006
-0.00105702
-0.000480349
0.000765072
0.000909748
-0.000229423
-0.00101986
-0.000357431
0.000788501
0.000794828
-0.000312334
-0.000944758
-0.000233731
0.000776437
0.000662772
-0.000369613
-0.000841555
-0.000121299
0.000732414
0.000526454
-0.000398492
-0.000720841
-2.73968e-05
0.00066324
0.000395871
-0.000401165
-0.000593764
4.44262e-05
0.000578064
0.000279405
-0.000381826
-0.000470317
9.30075e-05
0.000485622
0.000182547
-0.000345841
-0.000358393
0.000119065
0.000393157
0.00010809
-0.000298079
-0.00026217
0.000125521
0.00030568
5.50582e-05
-0.000244062
-0.00018322
0.000117125
0.000226924
2.03752e-05
-0.000189086
-0.000120946
9.98535e-05
0.000159788
-2.18792e-07
-0.000138533
-7.46138e-05
7.88546e-05
0.000106279
-1.01984e-05
-9.57603e-05
-4.26602e-05
5.78815e-05
6.683e-05
-1.25042e-05
-6.22561e-05
-2.31728e-05
3.86059e-05
3.97479e-05
-9.68611e-06
-3.71486e-05
-1.26071e-05
2.22607e-05
2.20887e-05
-4.71036e-06
-1.92107e-05
-7.3601e-06
9.6186e-06
1.06331e-05
-3.96984e-07
-7.19589e-06
-4.04428e-06
1.818e-06
3.46993e-06
1.47506e-06
-5.91887e-07
-1.38674e-06
-1.3157e-06
-4.94623e-07
8.5264e-07
1.58749e-06
7.93588e-07
-8.37346e-07
-1.63701e-06
-7.75833e-07
8.89391e-07
1.59249e-06
6.16358e-07
-7.79655e-07
-1.07574e-06
-5.43023e-07
-2.36435e-07
3.23637e-07
1.92229e-06
2.37259e-06
-1.32603e-06
-6.05084e-06
-3.48388e-06
6.88524e-06
1.13429e-05
-1.03912e-06
-1.72225e-05
-1.17342e-05
1.48017e-05
2.64734e-05
-5.97096e-07
-3.46933e-05
-2.31414e-05
2.80726e-05
4.77576e-05
-3.01406e-06
-6.05484e-05
-3.57473e-05
5.01179e-05
7.50637e-05
-1.21374e-05
-9.70238e-05
-4.68215e-05
8.50607e-05
0.000108364
-3.17894e-05
-0.000146177
-5.40991e-05
0.000135517
0.000146434
-6.49882e-05
-0.000207827
-5.42294e-05
0.000202775
0.000186283
-0.000114327
-0.000279634
-4.30619e-05
0.000286115
0.000222409
-0.000182434
-0.000357104
-1.495e-05
0.000384321
0.000248469
-0.000271499
-0.000435004
3.50377e-05
0.000494643
0.000258018
-0.000382205
-0.000507518
0.000110184
0.000612908
0.000246307
-0.000511847
-0.00056823
0.000210298
0.000731625
0.000209596
-0.000654119
-0.000609751
0.000332293
0.000841012
0.000146075
-0.000799124
-0.000624393
0.000469992
0.000929474
5.56199e-05
-0.000935251
-0.000606168
0.000614527
0.00098654
-5.76011e-05
-0.00104939
-0.000552874
0.000753292
0.00100376
-0.000184371
-0.00112815
-0.000468109
0.000869604
0.000976385
-0.000308715
-0.00115743
-0.000361334
0.000943169
0.000903434
-0.000409611
-0.00112487
-0.000248253
0.000952236
0.000789527
-0.000461789
-0.0010216
-0.000150152
0.000876721
0.00064647
-0.00043835
-0.000846429
-9.495e-05
0.000700802
0.000495575
-0.000311365
-0.000607268
-0.000116357
0.000415307
0.000368097
-5.42469e-05
-0.000323201
-0.000253264
1.89817e-05
0.000304223
0.00035623
-2.35374e-05
-0.000545552
-0.000478915
0.000350549
0.000935401
0.000251469
-0.00103066
-0.00105669
0.000557089
0.00168687
0.000451755
-0.00173832
-0.00167731
0.000974664
0.00259872
0.000517576
-0.002688
-0.0022887
0.00165142
0.00364209
0.000382952
-0.00388503
-0.0028246
0.00262902
0.0047708
-2.02502e-05
-0.00531846
-0.003209
0.00393663
0.0059219
-0.000755638
-0.00695709
-0.00335956
0.00558588
0.00701676
-0.0018767
-0.00874792
-0.00319309
0.00756564
0.00796292
-0.00342121
-0.0106151
-0.00262955
0.00984042
0.00865856
-0.0054071
-0.012463
-0.00159906
0.0123491
0.00899858
-0.00782826
-0.0141804
-4.80983e-05
0.0150066
0.00888303
-0.0106508
-0.0156471
0.00205243
0.017705
0.00822457
-0.0138105
-0.0167395
0.00470241
0.0203176
0.00695612
-0.0172129
-0.0173379
0.00786853
0.0227036
0.005036
-0.0207361
-0.0173345
0.0114845
0.0247172
0.00245386
-0.0242369
-0.0166417
0.0154513
0.0262165
-0.000765826
-0.0275587
-0.0152013
0.019641
0.0270745
-0.00455999
-0.0305384
-0.0129907
0.0238996
0.0271863
-0.00882814
-0.0330161
-0.0100271
0.0280553
0.0264777
-0.0134351
-0.0348439
-0.00636812
0.0319273
0.0249102
-0.0182188
-0.0358965
-0.00211076
0.0353375
0.0224867
-0.0229981
-0.0360802
0.00261234
0.0381213
0.0192538
-0.0275826
-0.0353417
0.00763731
0.040138
0.0153022
-0.0317821
-0.0336713
0.0127775
0.0412788
0.0107621
-0.0354175
-0.0311049
0.0178334
0.0414731
0.00579652
-0.0383313
-0.0277216
0.0226052
0.0406944
0.000591151
-0.0403985
-0.0236415
0.0269045
0.0389628
-0.00465494
-0.0415343
-0.0190189
0.0305652
0.0363456
-0.00973985
-0.0416994
-0.0140352
0.0334515
0.0329523
-0.0144697
-0.0409005
-0.00888779
0.0354656
0.028928
-0.0186698
-0.0391892
-0.00377799
0.036552
0.0244431
-0.0221949
-0.0366584
0.00110133
0.0367014
0.0196846
-0.0249377
-0.033437
0.00557564
0.0359502
0.0148448
-0.0268333
-0.0296824
0.00949753
0.0343772
0.010112
-0.0278602
-0.02557
0.0127528
0.0320956
0.00565904
-0.028039
-0.0212816
0.0152658
0.0292451
0.00163432
-0.0274292
-0.0169945
0.0170021
0.025982
-0.00184681
-0.0261246
-0.0128714
0.017969
0.0224705
-0.00470522
-0.0242455
-0.00905332
0.0182115
0.0188735
-0.00689993
-0.0219312
-0.00565423
0.0178061
0.0153433
-0.00842573
-0.019328
-0.00275598
0.0168534
0.0120127
-0.00931125
-0.0165808
-0.000406466
0.0154694
0.00898862
-0.00961412
-0.0138235
0.00138135
0.0137787
0.00634852
-0.00941599
-0.0111745
0.00262552
0.0119062
0.00413979
-0.00881438
-0.00873124
0.0033706
0.0099704
0.00238137
-0.00791464
-0.00656718
0.00368004
0.00807556
0.00106587
-0.00682137
-0.00472938
0.00363078
0.00630696
0.00016308
-0.0056324
-0.00323881
0.00330656
0.00472754
-0.00037615
-0.00443419
-0.0020922
0.00279325
0.00337878
-0.000613543
-0.00329892
-0.00126719
0.0021723
0.00228124
-0.000617272
-0.00228209
-0.000727121
0.00151612
0.00143751
-0.000455022
-0.00142075
-0.000426251
0.000883286
0.00083345
-0.000190177
-0.000733601
-0.000313423
0.0003176
0.00044218
0.000121785
-0.000222594
-0.000335923
-0.000152175
0.000227327
0.000434096
0.000122958
-0.000443318
-0.000510144
0.000148943
0.000711062
0.000322879
-0.000591274
-0.000752211
0.000167136
0.000928275
0.000402078
-0.000744539
-0.000884267
0.000245922
0.00107375
0.000388931
-0.00087761
-0.000920675
0.000353829
0.00114549
0.000312396
-0.000974293
-0.000881285
0.000465184
0.00114961
0.000200518
-0.00102566
-0.000788009
0.00056016
0.00109632
7.68966e-05
-0.0010294
-0.000661724
0.000626123
0.000998683
-4.02634e-05
-0.000988467
-0.000520337
0.000657449
0.000870592
-0.000139526
-0.000910932
-0.000378706
0.000654812
0.00072677
-0.000214195
-0.000807532
-0.000248484
0.000622806
0.0005808
-0.000261791
-0.000690143
-0.000138453
0.000567785
0.000444053
-0.000282174
-0.000568709
-5.33232e-05
0.000496533
0.000323826
-0.000278285
-0.000451256
5.97612e-06
0.000415869
0.000223688
-0.000255154
-0.000343215
4.2381e-05
0.00033294
0.000144252
-0.00021981
-0.00024911
6.02263e-05
0.000254339
8.48038e-05
-0.000178914
-0.000171726
6.44034e-05
0.000185404
4.38697e-05
-0.000137875
-0.000112505
5.86337e-05
0.000128635
1.90135e-05
-9.97925e-05
-7.00902e-05
4.66838e-05
8.43456e-05
6.6089e-06
-6.65583e-05
-4.15551e-05
3.19233e-05
5.09955e-05
1.98812e-06
-3.94375e-05
-2.28865e-05
1.82025e-05
2.72873e-05
9.90893e-07
-1.9584e-05
-1.11132e-05
7.98238e-06
1.18215e-05
7.30121e-07
-7.34515e-06
-4.16739e-06
2.38423e-06
3.59238e-06
4.41724e-07
-1.60947e-06
-9.3759e-07
2.45494e-07
4.14875e-07
7.68414e-08
-5.44738e-08
-1.58471e-08
0
0
