0
0
-2.8053e-09
-4.40186e-08
-1.91176e-07
-4.64288e-07
-7.27154e-07
-6.62055e-07
9.20114e-08
1.67291e-06
3.74815e-06
5.45653e-06
5.6268e-06
3.23379e-06
-2.04979e-06
-9.39866e-06
-1.66818e-05
-2.07917e-05
-1.85413e-05
-8.00693e-06
1.00909e-05
3.15999e-05
4.93585e-05
5.5088e-05
4.24104e-05
1.00346e-05
-3.61669e-05
-8.33241e-05
-0.000114491
-0.000113897
-7.31375e-05
3.79321e-06
9.87955e-05
0.000182777
0.000223596
0.000197019
9.72512e-05
-5.69553e-05
-0.000223825
-0.00034867
-0.000380586
-0.000290961
-8.75727e-05
0.000181496
0.000437264
0.000591611
0.000575903
0.000367657
5.64607e-06
-0.000413658
-0.00075995
-0.000908059
-0.000780819
-0.0003817
0.000195286
0.000784796
0.00119579
0.00127161
0.00094617
0.000276879
-0.000559481
-0.00131103
-0.00172506
-0.00163089
-0.00100475
6.97683e-06
0.00111794
0.00198109
0.00229562
0.0019091
0.000880858
-0.000517841
-0.00187265
-0.00274761
-0.00282412
-0.00201352
-0.000504204
0.00127731
0.00278541
0.00352193
0.00319954
0.00184869
-0.000170458
-0.00226153
-0.00376766
-0.00417792
-0.00329963
-0.00133871
0.00114356
0.00339042
0.00468119
0.00456334
0.00301029
0.000449942
-0.0023514
-0.00451916
-0.00534552
-0.00452244
-0.00225548
0.000783338
0.00365477
0.00544495
0.00555967
0.0039248
0.00102438
-0.00224121
-0.00483615
-0.00592147
-0.0051313
-0.00270094
0.000599213
0.00370688
0.00561219
0.0056911
0.00391686
0.000875989
-0.00242065
-0.00487246
-0.00565948
-0.00452347
-0.00186201
0.00140064
0.00412672
0.00535836
0.00465655
0.0022659
-0.000957874
-0.00383973
-0.00530065
-0.00475318
-0.00233508
0.00111004
0.00431003
0.0060126
0.00545199
0.00266592
-0.00146136
-0.00546366
-0.00779061
-0.00737515
-0.00407098
0.00120834
0.00672288
0.0104599
0.0108363
0.00731278
0.000693574
-0.00702265
-0.0132279
-0.0155608
-0.0127585
-0.00520826
0.0050196
0.0147161
0.0205201
0.0200499
0.0128066
0.000522795
-0.0132097
-0.0239705
-0.0279097
-0.0230798
-0.0102491
0.00711443
0.0237526
0.0341908
0.0345104
0.0237534
0.00447194
-0.0178237
-0.036219
-0.0445207
-0.039305
-0.0212215
0.00492278
0.0314072
0.0498618
0.0538916
0.0412438
0.0147959
-0.0180264
-0.0473125
-0.0636465
-0.0611106
-0.0393595
-0.00405702
0.0345587
0.0646319
0.0763172
0.0649734
0.0328931
-0.0110507
-0.0538369
-0.082148
-0.0865041
-0.0643992
-0.0214103
0.0301589
0.0747903
0.0984191
0.0928544
0.0585649
0.00489636
-0.0524521
-0.0960207
-0.111906
-0.0941825
-0.0470292
0.0161885
0.0767002
0.115911
0.121119
0.0896122
0.0298232
-0.0409003
-0.101336
-0.132767
-0.124783
-0.0787041
-0.00749844
0.0678594
0.124584
0.144984
0.121984
0.0615394
-0.018881
-0.0953484
-0.144618
-0.151215
-0.112295
-0.0387575
0.0478024
0.121459
0.159745
0.150528
0.0958494
0.0115301
-0.0774244
-0.144265
-0.168573
-0.142517
-0.0733691
0.0185201
0.105737
0.162013
0.170168
0.127374
0.0461165
-0.049458
-0.130749
-0.173294
-0.16416
-0.105891
-0.0157967
0.0792086
0.15068
0.177194
0.150798
0.079402
-0.0155961
-0.105754
-0.164136
-0.17339
-0.130932
-0.0496629
0.0459626
0.127326
0.170243
0.162184
0.105943
0.0186893
-0.0732976
-0.142568
-0.168729
-0.144471
-0.0776061
0.0114364
0.095877
0.150667
0.159947
0.121651
0.0479173
-0.0387607
-0.112415
-0.15141
-0.144818
-0.0954826
-0.0189019
0.061639
0.122169
0.145188
0.124735
0.0679045
-0.00757591
-0.0788767
-0.12499
-0.132934
-0.101404
-0.0408458
0.0299815
0.089818
0.121299
0.116002
0.0766694
0.0160471
-0.0472311
-0.0943733
-0.112018
-0.0960143
-0.0523295
0.00509187
0.0587639
0.0929863
0.098437
0.0746878
0.0299725
-0.0216144
-0.0645486
-0.0865459
-0.0820674
-0.0536626
-0.0108444
0.0330584
0.0650389
0.0762597
0.0644717
0.0343526
-0.0042358
-0.0394474
-0.0610765
-0.0635026
-0.0471098
-0.0178368
0.0149051
0.0412341
0.0537664
0.0496654
0.0312092
0.00479347
-0.0212362
-0.0391998
-0.0443329
-0.0360154
-0.0176765
0.00451055
0.0236698
0.0343342
0.0339846
0.0235894
0.0070521
-0.0101884
-0.0229176
-0.0277034
-0.0237933
-0.0131246
0.000485643
0.0126604
0.0198465
0.0203318
0.0146096
0.00503267
-0.00508036
-0.0125611
-0.0153639
-0.0131013
-0.0070112
0.000585686
0.00712375
0.0106332
0.0103148
0.00668739
0.00129497
-0.00389302
-0.00716906
-0.00762947
-0.00540455
-0.00152519
0.00250176
0.00524566
0.00583724
0.00422786
0.00115028
-0.00218664
-0.00454922
-0.00511359
-0.00373598
-0.00097421
0.00213534
0.00445814
0.00516245
0.00400274
0.0013925
-0.00175139
-0.00433326
-0.0054571
-0.00472971
-0.00238824
0.000786498
0.00373725
0.00548515
0.005453
0.00365091
0.000666231
-0.00253475
-0.00492487
-0.00574794
-0.00475703
-0.00228458
0.00087382
0.00372041
0.00537398
0.00534389
0.00367425
0.000916419
-0.00205608
-0.0043275
-0.00522416
-0.00451436
-0.00246481
0.000258531
0.0028087
0.00442303
0.00465195
0.0034827
0.00132467
-0.00113303
-0.00314242
-0.00412499
-0.00383776
-0.00242972
-0.00037703
0.00167699
0.00312354
0.00356854
0.00293812
0.00148203
-0.000320043
-0.00191528
-0.00284672
-0.00288308
-0.00207291
-0.000711778
0.000762082
0.00190758
0.00241183
0.00217376
0.00131875
0.00014477
-0.000978802
-0.00172603
-0.0019076
-0.00151628
-0.000714597
0.000226994
0.00101926
0.00144171
0.00140249
0.000954732
0.000268207
-0.000431584
-0.000935769
-0.00111314
-0.000942496
-0.000508959
3.14294e-05
0.000505455
0.000776879
0.000784443
0.000553474
0.000179818
-0.000206511
-0.000484893
-0.000580677
-0.000483978
-0.000246429
4.11198e-05
0.000281251
0.000401752
0.000376482
0.000229549
2.27866e-05
-0.000168077
-0.00027987
-0.000282082
-0.000184429
-3.02417e-05
0.00012103
0.000215545
0.000223371
0.000147386
2.02942e-05
-0.000108553
-0.000191513
-0.000199589
-0.000132108
-1.59816e-05
0.000104839
0.00018569
0.000197329
0.000136139
2.4953e-05
-9.55754e-05
-0.000181765
-0.000202554
-0.000150483
-4.42119e-05
7.82344e-05
0.000173076
0.000206409
0.000166292
6.69897e-05
-5.61521e-05
-0.000159339
-0.000205927
-0.000179408
-8.9245e-05
3.25222e-05
0.000142672
0.000202122
0.000189757
0.000109912
-9.10786e-06
-0.000124961
-0.000196234
-0.000197194
-0.000127125
-1.08384e-05
0.00010995
0.000191432
0.000203473
0.000140705
2.48937e-05
-0.000102396
-0.000194383
-0.000215885
-0.000156454
-3.50646e-05
0.000105597
0.000213647
0.000246531
0.000187109
5.14096e-05
-0.0001152
-0.000252688
-0.000307228
-0.000251184
-9.50615e-05
0.000113289
0.000302778
0.000402482
0.000366889
0.000194332
-6.83463e-05
-0.000337672
-0.000519282
-0.000539785
-0.000374288
-5.97084e-05
0.000311891
0.000619421
0.000751145
0.000643454
0.000307048
-0.000169369
-0.00064117
-0.00095065
-0.000978313
-0.000686279
-0.000138674
0.000509889
0.00105678
0.00131352
0.00116882
0.000632018
-0.000159171
-0.000972037
-0.00154612
-0.00167527
-0.00127916
-0.000439939
0.00061063
0.00155365
0.00207884
0.00198513
0.00125392
6.9115e-05
-0.00122648
-0.00222923
-0.00259945
-0.00217473
-0.00103448
0.000508642
0.00199268
0.00294403
0.00302791
0.00216418
0.000568815
-0.00129696
-0.00285917
-0.00360762
-0.00326211
-0.0018745
0.000169917
0.00225783
0.00373187
0.00409823
0.00319223
0.00124624
-0.0011667
-0.00330128
-0.00447121
-0.00427136
-0.00271858
-0.000262149
0.00234484
0.00427706
0.00490034
0.00398229
0.00177984
-0.00102958
-0.00355598
-0.00498051
-0.00482419
-0.00311274
-0.000380014
0.00249613
0.00457583
0.00516691
0.00405986
0.00160735
-0.00138281
-0.00391054
-0.00511786
-0.00458332
-0.00247514
0.000493836
0.00329981
0.00495602
0.0048583
0.00300816
3.10591e-05
-0.00302438
-0.00504471
-0.00524812
-0.00348064
-0.000302172
0.00317899
0.00567783
0.00618974
0.00437476
0.000727263
-0.00354376
-0.0069004
-0.0080086
-0.00623863
-0.00195266
0.00353915
0.00836445
0.0107073
0.00946036
0.00468374
-0.00230642
-0.00928203
-0.0137965
-0.0140161
-0.00941408
-0.00107505
0.00852691
0.0162459
0.0192743
0.0161268
0.00726176
-0.004899
-0.0166099
-0.0239384
-0.0240599
-0.01629
-0.00248999
0.0133374
0.026192
0.0316376
0.0272986
0.0137958
-0.00522773
-0.0240632
-0.0366348
-0.0384381
-0.0281069
-0.00807341
0.0159518
0.0365902
0.0470476
0.0433251
0.0256754
-0.00120923
-0.0294143
-0.0501212
-0.0563505
-0.0452815
-0.0193839
0.0140618
0.0449945
0.0635908
0.0633697
0.0434056
0.00890513
-0.0301158
-0.0617312
-0.0757448
-0.0669602
-0.0370377
0.00570993
0.0486099
0.0783847
0.0852576
0.0661399
0.025866
-0.0239865
-0.0684208
-0.0935353
-0.0908692
-0.060221
-0.0100094
0.0450232
0.0881431
0.10572
0.0915325
0.0489186
-0.00994965
-0.0675438
-0.106209
-0.113583
-0.0865458
-0.0324232
0.0329771
0.0899939
0.121039
0.116031
0.0756608
0.0114225
-0.0576593
-0.110681
-0.131205
-0.112364
-0.0591417
0.0129307
0.0823175
0.127938
0.135589
0.102379
0.0377735
-0.0391068
-0.105165
-0.140292
-0.133511
-0.0864133
-0.0128097
0.0653335
0.124476
0.146622
0.124818
0.0653366
-0.0141321
-0.0897622
-0.138766
-0.146285
-0.109918
-0.0404807
0.0412196
0.110647
0.146935
0.139184
0.0897487
0.0135201
-0.0665794
-0.126516
-0.148386
-0.125786
-0.0656948
0.0136892
0.0884787
0.136316
0.143082
0.107082
0.0394535
-0.0392865
-0.10549
-0.139508
-0.131543
-0.0844794
-0.012868
0.0615861
0.116624
0.136111
0.114785
0.0596642
-0.0122506
-0.0792307
-0.121407
-0.126685
-0.0942141
-0.0344306
0.0342942
0.0913107
0.119915
0.112253
0.0714692
0.0105061
-0.0519997
-0.0974261
-0.112728
-0.0941852
-0.0482621
0.0106062
0.0645496
0.0976977
0.100856
0.0740463
0.0262073
-0.0277564
-0.0716189
-0.0927179
-0.0856088
-0.0534347
-0.00667954
0.0402284
0.0733684
0.0834595
0.0684472
0.033828
-0.00929828
-0.0477719
-0.0703864
-0.0711479
-0.0508333
-0.016455
0.021117
0.0505797
0.0635917
0.0571211
0.03409
0.00220318
-0.0285981
-0.0492239
-0.0541088
-0.0426871
-0.0192893
0.00842718
0.0319592
0.0445552
0.0431365
0.0290034
0.00717992
-0.0153244
-0.0317456
-0.0375855
-0.0318202
-0.0169814
0.00184404
0.0187233
0.02873
0.0293661
0.0211479
0.00723321
-0.00773084
-0.0191336
-0.0238053
-0.0208778
-0.0118737
-5.33875e-05
0.0107253
0.0172451
0.017874
0.0129423
0.00447999
-0.00455808
-0.0112948
-0.0138296
-0.011756
-0.00616532
0.000827791
0.00684794
0.0100444
0.00964494
0.00611644
0.000910642
-0.00409219
-0.00723742
-0.00762672
-0.00535946
-0.00142533
0.00269273
0.00555399
0.00624639
0.0046641
0.00149558
-0.00205732
-0.00471961
-0.00558577
-0.00441489
-0.00168559
0.0015969
0.00426554
0.0053978
0.00462451
0.00224067
-0.000912185
-0.00374507
-0.00529571
-0.00505023
-0.00310652
-0.000129252
0.00288246
0.00493269
0.00535721
0.00403519
0.00141771
-0.00163095
-0.00412262
-0.00526737
-0.00472338
-0.00269582
0.000142545
0.0028781
0.00465329
0.00493656
0.00368028
0.00132039
-0.00137644
-0.00356422
-0.00458464
-0.00416522
-0.00248907
-0.000119754
0.00218904
0.00373466
0.00407991
0.00317533
0.00135578
-0.000781439
-0.00257293
-0.00349557
-0.00331862
-0.00215767
-0.000419612
0.00133837
0.00258719
0.00298469
0.00246749
0.00125181
-0.000250792
-0.00157136
-0.00232927
-0.0023406
-0.00165891
-0.000541051
0.000645961
0.00154405
0.00191097
0.00168345
0.000981002
5.41823e-05
-0.000802258
-0.00134178
-0.00143545
-0.00109939
-0.000475813
0.000222052
0.000780873
0.001051
0.000984465
0.000638395
0.000146421
-0.00032984
-0.000652331
-0.000745096
-0.000609562
-0.000314614
3.24773e-05
0.000323047
0.000479683
0.000475167
0.000333757
0.000116782
-0.000100956
-0.00025555
-0.000311558
-0.000268359
-0.000154926
-1.63626e-05
0.000102366
0.000169993
0.000176017
0.000130182
5.58594e-05
-1.95392e-05
-7.36261e-05
-9.48723e-05
-8.39975e-05
-5.12875e-05
-1.14321e-05
2.19994e-05
4.05759e-05
4.2485e-05
3.15181e-05
1.44622e-05
-1.83674e-06
-1.26657e-05
-1.63567e-05
-1.39676e-05
-8.17484e-06
-1.94278e-06
2.54634e-06
4.41729e-06
4.02557e-06
2.43904e-06
7.78482e-07
-2.70083e-07
-5.9143e-07
-4.56201e-07
-2.10077e-07
-5.26377e-08
-3.4565e-09
0
0
