0
0
1.30667e-08
7.22608e-08
1.64163e-07
1.51224e-07
-1.95718e-07
-1.00229e-06
-2.04058e-06
-2.64335e-06
-1.94595e-06
5.89192e-07
4.63014e-06
8.75459e-06
1.07703e-05
8.55562e-06
1.15675e-06
-1.02781e-05
-2.21948e-05
-2.93279e-05
-2.64753e-05
-1.09627e-05
1.51188e-05
4.41021e-05
6.43035e-05
6.4024e-05
3.68537e-05
-1.38409e-05
-7.35552e-05
-0.000119855
-0.000129892
-9.00027e-05
-3.79437e-06
0.000105102
0.000198013
0.000233687
0.000184726
5.19968e-05
-0.000129515
-0.000297723
-0.000383125
-0.000335511
-0.00014801
0.000131941
0.000411559
0.00058153
0.000556491
0.000312908
-9.1221e-05
-0.000525716
-0.000827615
-0.000859812
-0.000568683
-1.77049e-05
0.000619862
0.00111237
0.00125133
0.000935295
0.000223545
-0.000665398
-0.00141702
-0.0017292
-0.00142946
-0.000556773
0.000627725
0.00171402
0.00228198
0.00205998
0.00104455
-0.000468892
-0.00196599
-0.00288494
-0.00282375
-0.00170794
0.000149176
0.00212675
0.0035004
0.00370433
0.00255777
0.000367092
-0.00214605
-0.00407865
-0.00466814
-0.00358824
-0.00110558
0.00197287
0.00455826
0.00566289
0.00477396
0.0020776
-0.00156109
-0.00487151
-0.00661991
-0.00606711
-0.0032725
0.000878519
0.00495089
0.00745567
0.00739418
0.00465164
8.62292e-05
-0.00473543
-0.0080767
-0.00865804
-0.00614578
-0.0013159
0.0041818
0.0083894
0.00974194
0.00765152
0.00275529
-0.00327531
-0.00830911
-0.0105146
-0.00903172
-0.0043068
0.00203913
0.00777243
0.010842
0.0101217
0.00582756
-0.000545676
-0.00675278
-0.0106008
-0.010736
-0.00712825
-0.00107508
0.00527328
0.00969292
0.0106815
0.0079796
0.00263269
-0.00341969
-0.00806487
-0.00977497
-0.00812267
-0.00387461
0.00135292
0.0057262
0.00786255
0.00728265
0.0044913
0.000685547
-0.00276521
-0.00484163
-0.00519067
-0.00412948
-0.00237236
-0.000634994
0.000685904
0.00160878
0.00240866
0.00330574
0.00418637
0.00453366
0.00364391
0.00105479
-0.00301951
-0.00749384
-0.0106297
-0.0106606
-0.00661632
0.00100365
0.0100578
0.0172827
0.0194184
0.0145711
0.00326942
-0.011287
-0.0240351
-0.0297545
-0.0251184
-0.0103087
0.010522
0.0302939
0.0413453
0.0383247
0.0205645
-0.00706513
-0.0353407
-0.0536943
-0.0540932
-0.0343878
0.000219715
0.038356
0.0661329
0.0721374
0.0519855
0.0106624
-0.0384536
-0.0778279
-0.0919617
-0.0733799
-0.0261326
0.034722
0.0878045
0.112857
0.0983767
0.0465942
-0.0262775
-0.0949828
-0.133906
-0.126538
-0.072252
0.0123214
0.0982226
0.154005
0.15717
0.103071
0.0078023
-0.0963796
-0.171893
-0.189324
-0.138744
-0.0345473
0.0883707
0.18621
0.221813
0.178665
0.0681128
-0.073239
-0.195546
-0.253241
-0.221928
-0.108401
0.0502212
0.198514
0.282057
0.267337
0.154986
-0.0188111
-0.193828
-0.30661
-0.313431
-0.207097
-0.0211881
0.180368
0.325221
0.35853
0.263624
0.0696222
-0.157262
-0.336266
-0.400797
-0.323133
-0.125959
0.123944
0.338256
0.438307
0.383912
0.189283
-0.0802098
-0.329914
-0.469129
-0.444024
-0.258306
0.0262498
0.310256
0.49142
0.501377
0.331397
0.0373276
-0.278647
-0.503502
-0.553808
-0.406638
-0.109501
0.234852
0.503948
0.599172
0.481884
0.188855
-0.179068
-0.491658
-0.63543
-0.554843
-0.273623
0.111933
0.465915
0.660742
0.623167
0.361743
-0.0345183
-0.426427
-0.673544
-0.684543
-0.450934
-0.0517032
0.373352
0.672617
0.736782
0.538777
0.144904
-0.307303
-0.657143
-0.77791
-0.622807
-0.242967
0.229326
0.626739
0.806238
0.700603
0.34356
-0.14087
-0.581476
-0.82043
-0.769875
-0.444219
0.0437321
0.521869
0.819547
0.828549
0.542441
0.0600089
-0.448865
-0.803078
-0.874831
-0.635765
-0.168065
0.363795
0.770948
0.907267
0.721857
0.278023
-0.268329
-0.72351
-0.92478
-0.798581
-0.387423
0.164407
0.661525
0.926692
0.86406
0.493838
-0.0541716
-0.586118
-0.912732
-0.916728
-0.594949
-0.060105
0.498733
0.883025
0.955355
0.688603
0.176094
-0.401074
-0.838069
-0.979071
-0.772872
-0.29148
0.295044
0.778701
0.987366
0.846088
0.404021
-0.18268
-0.706052
-0.980085
-0.90687
-0.5116
0.0660963
0.621503
0.957402
0.95414
0.612272
0.0525779
-0.526628
-0.919798
-0.987129
-0.704297
-0.171244
0.423151
0.868025
1.00537
0.786157
0.287877
-0.312892
-0.803067
-1.00866
-0.856575
-0.400568
0.197723
0.726106
0.997111
0.91452
0.507539
-0.0795342
-0.638481
-0.97103
-0.959201
-0.607173
-0.0398055
0.541654
0.930967
0.990065
0.698024
0.158474
-0.437179
-0.877663
-1.00679
-0.778822
-0.274716
0.326673
0.812027
1.00925
0.848483
0.386865
-0.211788
-0.735114
-0.997545
-0.906104
-0.493357
0.0941946
0.648108
0.971952
0.950968
0.592736
0.0244383
-0.552295
-0.932924
-0.982537
-0.683672
-0.142462
0.449056
0.881081
1.00046
0.764964
0.258262
-0.339844
-0.817197
-1.00454
-0.835548
-0.370271
0.226168
0.742189
0.994804
0.894507
0.476983
-0.109585
-0.657108
-0.971407
-0.941076
-0.576971
-0.00832276
0.563128
0.934699
0.974652
0.668897
0.125961
-0.461531
-0.885195
-0.994798
-0.751528
-0.24174
0.353698
0.823576
1.00125
0.823753
0.354095
-0.241093
-0.75068
-0.993928
-0.884593
-0.4615
0.125242
0.667496
0.972926
0.933221
0.562495
-0.00772197
-0.575153
-0.938527
-0.968966
-0.655698
-0.109864
0.474908
0.891191
0.991333
0.739829
0.225906
-0.368128
-0.83156
-1.00001
-0.813728
-0.338811
0.256276
0.760443
0.994856
0.876371
0.447023
-0.140886
-0.678812
-0.975943
-0.926886
-0.549045
0.0235495
0.587786
0.943521
0.964568
0.643465
0.0941129
-0.488621
-0.89803
-0.988889
-0.728971
-0.210473
0.382683
0.840094
0.999507
0.804376
0.323917
-0.27144
-0.770513
-0.99627
-0.868632
-0.432873
0.156435
0.690251
0.979223
0.920846
0.535827
-0.0392603
-0.600422
-0.948602
-0.960296
-0.631355
-0.0784587
0.50227
0.904835
0.98644
0.718135
0.195093
-0.397156
-0.848531
-0.998919
-0.794971
-0.309029
0.286539
0.780474
0.997567
0.860806
0.418695
-0.171946
-0.701608
-0.98241
-0.914736
-0.522582
0.0549583
0.613027
0.953663
0.956027
0.619263
0.0628126
-0.515951
-0.911729
-0.984117
-0.707415
-0.179751
0.411718
0.857189
0.998628
0.785835
0.294257
-0.301757
-0.790795
-0.999368
-0.853454
-0.404767
0.187569
0.713454
0.986327
0.909352
0.509776
-0.0707106
-0.626219
-0.959684
-0.952767
-0.607855
-0.0472301
0.530274
0.919794
0.983105
0.697667
0.164653
-0.426914
-0.867189
-0.99994
-0.777986
-0.279963
0.317533
0.802565
1.00303
0.847707
0.391592
-0.203606
-0.726777
-0.992291
-0.905857
-0.498012
0.0866713
0.640828
0.967843
0.951611
0.597755
0.0316816
-0.54586
-0.929971
-0.984296
-0.689425
-0.149832
0.443142
0.879137
1.0034
0.771718
0.266143
-0.334061
-0.815982
-1.00859
-0.843434
-0.378976
0.220111
0.741321
0.999704
0.903495
0.48671
-0.10288
-0.656143
-0.976777
-0.950958
-0.58776
-0.015965
0.561606
0.940039
0.98504
0.680599
0.134689
-0.459031
-0.889927
-1.00513
-0.763775
-0.251514
0.349898
0.827093
1.01081
0.835947
0.364635
-0.235835
-0.752409
-1.00188
-0.895901
-0.47225
0.118601
0.666968
0.978384
0.942591
0.572592
-6.67082e-05
-0.572082
-0.940595
-0.975164
-0.66396
-0.11781
0.46928
0.889072
0.992998
0.744759
0.233018
-0.360285
-0.824645
-0.995725
-0.813547
-0.343532
0.246999
0.748422
0.983269
0.869075
0.44736
-0.131469
-0.661789
-0.95586
-0.91033
-0.542588
0.0158471
0.566389
0.914057
0.936582
0.627442
0.0976572
-0.4641
-0.85875
-0.947417
-0.700337
-0.206832
0.356998
0.791158
0.942768
0.759937
0.309525
-0.247309
-0.712813
-0.922938
-0.805205
-0.403711
0.137354
0.625528
0.888606
0.835444
0.487553
-0.0294799
-0.531355
-0.840821
-0.850338
-0.559472
-0.0740096
0.432533
0.780986
0.849968
0.6182
0.170929
-0.331415
-0.710817
-0.834826
-0.66283
-0.259283
0.230404
0.632301
0.805802
0.692855
0.337341
-0.131862
-0.547627
-0.764164
-0.708188
-0.403692
0.0380417
0.459117
0.711513
0.709167
0.457299
0.0490032
-0.36914
-0.649728
-0.696542
-0.497533
-0.127482
0.280038
0.580902
0.671449
0.524192
0.195931
-0.194029
-0.507254
-0.635355
-0.537498
-0.253262
0.11314
0.431055
0.590006
0.538087
0.298792
-0.0391272
-0.354534
-0.537347
-0.526964
-0.332256
-0.026574
0.2798
0.479444
0.505456
0.353803
0.0828973
-0.208764
-0.418396
-0.475145
-0.36397
-0.129167
0.143072
0.356258
0.437795
0.363642
0.165103
-0.084058
-0.294954
-0.395267
-0.353997
-0.190814
0.0327045
0.236211
0.349445
0.336436
0.206759
0.0103693
-0.181504
-0.302147
-0.312512
-0.213711
-0.0449095
0.132007
0.255062
0.283853
0.212693
0.0710069
-0.0885747
-0.209686
-0.252085
-0.204917
-0.0890628
0.0517325
0.167275
0.218759
0.19171
0.0997432
-0.0216824
-0.128812
-0.185297
-0.174446
-0.103921
-0.00166906
0.0949954
0.152937
0.154479
0.102614
0.0186763
-0.0662342
-0.122694
-0.133082
-0.0969231
-0.0299078
0.0426658
0.0953493
0.111398
0.0879683
0.036091
-0.0241837
-0.0714321
-0.0904027
-0.0768333
-0.0380588
0.0104728
0.0512333
0.0708769
0.0645185
0.0366933
-0.00105552
-0.0348241
-0.0533989
-0.0519016
-0.032874
-0.0046605
0.0220832
0.0383421
0.0397114
0.0274337
0.00733592
-0.0127329
-0.0258891
-0.0285143
-0.0211229
-0.00765256
0.00638022
0.016053
0.0187092
0.0145815
0.00627322
-0.00255626
-0.00870401
-0.0105348
-0.00832393
-0.00380972
0.000755401
0.00360324
0.00408525
0.00273291
0.0007961
-0.00047222
-0.000436401
0.000669068
0.00193963
0.00232784
0.00122959
-0.00115469
-0.0038565
-0.00556079
-0.00522302
-0.00260187
0.0015403
0.00567503
0.00810093
0.00765309
0.00423217
-0.0010773
-0.00636691
-0.00961543
-0.00947773
-0.00583922
9.0358e-05
0.00619337
0.0102213
0.0106398
0.00721957
0.00114405
-0.00541161
-0.0100756
-0.0111519
-0.00824531
-0.00240566
0.00425925
0.00935664
0.0110794
0.0088542
0.00353179
-0.00294165
-0.00824469
-0.0105219
-0.0090388
-0.00441709
0.001623
0.00690784
0.00959863
0.00883495
0.00500752
-0.000425043
-0.00549318
-0.00843402
-0.0083068
-0.00529068
-0.000572353
0.00411861
0.00714508
0.00753452
0.00528783
0.00132863
-0.00287042
-0.00583462
-0.0066047
-0.00504333
-0.00183466
0.00180497
0.00458563
0.00559957
0.00461363
0.00210587
-0.000949737
-0.00345755
-0.00459088
-0.00406058
-0.00217591
0.000308214
0.0024881
0.0036371
0.00344405
0.00208753
0.000133285
-0.00169484
-0.00277972
-0.00281569
-0.00188667
-0.000401652
0.00107722
0.00204375
0.00221747
0.00161858
0.000531026
-0.00062241
-0.00144046
-0.00167981
-0.00132228
-0.000556739
0.00030906
0.000968159
0.00122034
0.00102878
0.00051328
-0.000110151
-0.000615689
-0.000846811
-0.000761337
-0.000431032
-1.74012e-06
0.000366908
0.000558447
0.000533734
0.000333412
5.22185e-05
-0.000201867
-0.00034702
-0.000351808
-0.000238007
-6.43539e-05
9.99591e-05
0.000201002
0.000216106
0.000156161
5.57823e-05
-4.30869e-05
-0.00010717
-0.000121837
-9.25708e-05
-3.89571e-05
1.52054e-05
5.12806e-05
6.12835e-05
4.82626e-05
2.25659e-05
-3.66001e-06
-2.12649e-05
-2.65864e-05
-2.1311e-05
-1.04308e-05
4.75339e-07
7.47079e-06
9.29204e-06
7.07008e-06
3.15905e-06
-2.29011e-07
-1.93567e-06
-2.00613e-06
-1.2117e-06
-3.74349e-07
7.89917e-08
1.59277e-07
8.15873e-08
1.60998e-08
0
0
