0
0
-7.45375e-09
-6.54037e-08
-2.10275e-07
-3.49952e-07
-2.06134e-07
5.18831e-07
1.77917e-06
2.90872e-06
2.77647e-06
4.67546e-07
-3.84571e-06
-8.45486e-06
-1.05724e-05
-7.67775e-06
8.40788e-07
1.26359e-05
2.26777e-05
2.50469e-05
1.57345e-05
-4.66522e-06
-2.97405e-05
-4.86098e-05
-4.9991e-05
-2.77921e-05
1.42046e-05
6.13137e-05
9.22157e-05
8.77903e-05
4.11576e-05
-3.59122e-05
-0.000114302
-0.000157634
-0.000138053
-5.12384e-05
7.67e-05
0.000195306
0.000248492
0.000199504
5.16207e-05
-0.000145937
-0.000312413
-0.000367162
-0.000266777
-3.12261e-05
0.000255017
0.000471406
0.000510692
0.000329543
-2.26554e-05
-0.00041308
-0.000673778
-0.000672288
-0.000375541
0.000122672
0.000627648
0.000918092
0.00084132
0.000389073
-0.000282356
-0.000903039
-0.00119647
-0.0010009
-0.000352404
0.000511332
0.00123578
0.00149391
0.00113173
0.000251052
-0.000812568
-0.00161592
-0.00179185
-0.00121478
-7.42443e-05
0.00118303
0.00202707
0.00206751
0.00123173
-0.000182307
-0.00160984
-0.00244479
-0.00229687
-0.00117127
0.000511079
0.00207002
0.00284178
0.00246163
0.0010331
-0.000893819
-0.00253491
-0.00319226
-0.00255141
-0.00082829
0.00130192
0.00297123
0.00347467
0.00256836
0.00058349
-0.00169606
-0.00334637
-0.00368033
-0.00253361
-0.000340579
0.00203359
0.00363812
0.00381949
0.00248662
0.000150741
-0.0022757
-0.00383975
-0.00392328
-0.00248428
-7.09077e-05
0.00239358
0.0039674
0.00404868
0.00259946
0.000154766
-0.00238085
-0.00406859
-0.00427742
-0.00291041
-0.000438907
0.00226288
0.00422245
0.00470813
0.00348959
0.000933277
-0.00210156
-0.00453855
-0.0054493
-0.00439231
-0.00160937
0.00200174
0.00515316
0.0066053
0.00563881
0.00238824
-0.00210996
-0.00621488
-0.00825663
-0.00719972
-0.00313817
0.00260457
0.00786799
0.010444
0.00898681
0.00367533
-0.00368468
-0.0102343
-0.01315
-0.0108433
-0.00376931
0.00555015
0.0133877
0.0162814
0.0125441
0.00316159
-0.0083745
-0.0173323
-0.019663
-0.0138071
-0.00158824
0.0122805
0.021986
0.0230356
0.0143074
-0.00119399
-0.0173132
-0.0271656
-0.0260624
-0.0137038
0.00537289
0.0234141
0.0325834
0.0283503
0.0116742
-0.0110493
-0.0304081
-0.0378581
-0.0294781
-0.00794923
0.0182116
0.0379968
0.0425307
0.0290311
0.00235012
-0.0267119
-0.0457628
-0.0460965
-0.0266454
0.00517522
0.0362574
0.0531916
0.048047
0.0220504
-0.0145296
-0.0464165
-0.0597036
-0.0479143
-0.0151059
0.0254521
0.0566348
0.0646952
0.0453193
0.00583584
-0.0375168
-0.0662683
-0.0675924
-0.0400198
0.00555312
0.050152
0.0746316
0.0679034
0.0319443
-0.0186709
-0.062673
-0.0810489
-0.0652677
-0.0212171
0.0329553
0.074326
0.0849129
0.0595016
0.00816853
-0.0477036
-0.0843478
-0.0857433
-0.0506284
0.00667869
0.0621221
0.0920273
0.083233
0.0388887
-0.0226373
-0.0753806
-0.0967641
-0.0772846
-0.0247376
0.0388988
0.0866785
0.0981258
0.0680316
0.00881892
-0.0545951
-0.0953114
-0.0958889
-0.0558348
0.00808071
0.0688636
0.100727
0.0900614
0.0412618
-0.0250857
-0.0809124
-0.102574
-0.0808905
-0.0250497
0.0412989
0.0900865
0.100731
0.0688457
0.008047
-0.0558725
-0.0959174
-0.0953205
-0.0545815
0.00885056
0.0680701
0.0981573
0.0866917
0.0388891
-0.0247668
-0.0773226
-0.0967975
-0.0753978
-0.0226322
0.0389142
0.08327
0.0920629
0.0621436
0.0066783
-0.0506507
-0.0857795
-0.084385
-0.0477285
0.00816487
0.0595203
0.0849471
0.0743636
0.0329832
-0.0212088
-0.0652818
-0.0810807
-0.0627112
-0.0187021
0.0319314
0.0679136
0.0746612
0.0501903
0.00558645
-0.0400032
-0.0675983
-0.0662945
-0.0375539
0.00580073
0.0452985
0.0646962
0.0566573
0.0254883
-0.0150689
-0.0478897
-0.0597003
-0.0464357
-0.0145643
0.0220127
0.0480196
0.053184
0.0362722
0.00520726
-0.0266074
-0.0460659
-0.0457505
-0.0267223
0.00232043
0.0289928
0.0424975
0.0379806
0.0182181
-0.00792242
-0.0294407
-0.0378232
-0.030388
-0.0110511
0.0116513
0.0283141
0.0325467
0.0233899
0.00536999
-0.0136843
-0.0260275
-0.0271277
-0.017286
-0.00118706
0.0142917
0.0230031
0.0219481
0.0122505
-0.00159983
-0.0137961
-0.0196331
-0.0172941
-0.00834148
0.00317753
0.0125372
0.0162541
0.0133499
0.00551534
-0.00378879
-0.0108407
-0.0131264
-0.010198
-0.0036484
0.00369883
0.00898915
0.0104242
0.00783294
0.00256675
-0.00316519
-0.00720622
-0.00824036
-0.00618177
-0.00207187
0.00241783
0.00564957
0.00659354
0.00512301
0.00196372
-0.00164188
-0.00440775
-0.00544202
-0.00451101
-0.00206358
0.000968059
0.00350872
0.00470487
0.00419812
0.00222623
-0.000474925
-0.00293318
-0.00427899
-0.00404835
-0.00234581
0.000192282
0.0026261
0.00405483
0.00395077
0.00236011
-0.000109179
-0.00251367
-0.0039334
-0.00382719
-0.00224502
0.000188704
0.00251856
0.0038342
0.00363033
0.00200589
-0.000378474
-0.0025682
-0.00369918
-0.00334269
-0.0016712
0.000620543
0.00260435
0.00349689
0.00297196
0.00128101
-0.000863475
-0.00258856
-0.00321831
-0.00254056
-0.000876895
0.0010667
0.00249993
0.00287102
0.00207973
0.00049787
-0.00120254
-0.00233501
-0.00247633
-0.00162376
-0.000173768
0.00125975
0.00210524
0.00206124
0.00120145
-7.8278e-05
-0.00123994
-0.00182914
-0.00165195
-0.000834458
0.000251008
0.00115339
0.00152948
0.00127271
0.000536689
-0.000347508
-0.00101827
-0.0012301
-0.000941118
-0.0003113
0.000379698
0.00085494
0.000949807
0.000666041
0.000154025
-0.000362281
-0.000681656
-0.000702353
-0.000450796
-5.63021e-05
0.000311803
0.000515223
0.000496769
0.000292312
4.70017e-06
-0.000245132
-0.000367572
-0.00033466
-0.000181962
1.46933e-05
0.000174698
0.000244439
0.000213349
0.000110514
-1.34796e-05
-0.00010965
-0.000148738
-0.000128237
-6.78279e-05
2.65894e-06
5.6534e-05
7.93805e-05
7.1375e-05
4.34243e-05
1.01305e-05
-1.67388e-05
-3.16543e-05
-3.50065e-05
-3.03643e-05
-2.14505e-05
-1.05226e-05
1.42162e-06
1.34022e-05
2.34454e-05
2.86654e-05
2.64483e-05
1.60245e-05
-5.08559e-07
-1.8352e-05
-3.14379e-05
-3.46472e-05
-2.59657e-05
-7.65857e-06
1.41687e-05
3.16472e-05
3.81433e-05
3.09548e-05
1.25068e-05
-1.05139e-05
-2.97264e-05
-3.82203e-05
-3.30461e-05
-1.62124e-05
6.15937e-06
2.61284e-05
3.67557e-05
3.44554e-05
2.0154e-05
-1.04972e-06
-2.16185e-05
-3.42143e-05
-3.44069e-05
-2.24306e-05
-3.15828e-06
1.58797e-05
2.76809e-05
2.87173e-05
2.0206e-05
7.07099e-06
-4.83269e-06
-1.17265e-05
-1.35158e-05
-1.31274e-05
-1.39611e-05
-1.69384e-05
-1.90107e-05
-1.43793e-05
1.72616e-06
2.84881e-05
5.69384e-05
7.179e-05
5.81159e-05
1.049e-05
-6.00697e-05
-0.000126182
-0.000153387
-0.000116194
-1.39927e-05
0.000121718
0.000234767
0.000266062
0.000181883
-4.02513e-06
-0.000226787
-0.000390721
-0.000408576
-0.000244394
5.99104e-05
0.000389988
0.000599677
0.000573605
0.000285815
-0.000173956
-0.000623798
-0.000859471
-0.000744749
-0.000283142
0.000364739
0.000933396
0.00115921
0.000899748
0.000212629
-0.000646687
-0.00131679
-0.00148038
-0.00101109
-5.02775e-05
0.00102831
0.00176158
0.00179435
0.00104723
-0.000222723
-0.00150566
-0.00224219
-0.00206586
-0.000980207
0.000613345
0.00206096
0.00272394
0.00225923
0.000790158
-0.00111555
-0.00266382
-0.00316529
-0.00234134
-0.000469234
0.00170634
0.00326994
0.00352172
0.00228987
2.9721e-05
-0.00234345
-0.00382701
-0.00375649
-0.00210244
0.000493984
0.00297105
0.00428403
0.00384848
0.00179965
-0.00104709
-0.00352481
-0.00459824
-0.00379928
-0.00142996
0.00155517
0.00393993
0.00474772
0.00364377
0.00107115
-0.00193376
-0.00416683
-0.00474435
-0.00345297
-0.00082209
0.00210263
0.0041841
0.0046398
0.00333156
0.000793401
-0.00199871
-0.00401062
-0.00453183
-0.00341422
-0.00109328
0.00159526
0.00371984
0.00456497
0.00385077
0.00180452
-0.000920623
-0.00344442
-0.00491889
-0.00478486
-0.00296398
6.90934e-05
0.0033733
0.00579334
0.00633251
0.00454295
0.000790064
-0.00374458
-0.00738583
-0.00855371
-0.00642697
-0.0014122
0.00482422
0.00985873
0.0114248
0.00840751
0.00149217
-0.00687581
-0.0133081
-0.0148203
-0.0101842
-0.000685945
0.010128
0.0177338
0.0184987
0.0113748
-0.00135721
-0.014734
-0.0230097
-0.0221004
-0.0115434
0.00494985
0.0207318
0.0288693
0.0251648
0.0102403
-0.0103218
-0.0280151
-0.0349048
-0.0271579
-0.00704731
0.0175764
0.036311
0.0405777
0.0275145
0.00163336
-0.0266482
-0.0451728
-0.0452522
-0.0256961
0.00619124
0.0372786
0.0539968
0.0482448
0.0212506
-0.0164314
-0.0490075
-0.0620531
-0.0488821
-0.0138726
0.0288723
0.0611819
0.0685368
0.0465721
0.00346052
-0.0430642
-0.072991
-0.0726371
-0.0408747
0.00984414
0.0583333
0.0835223
0.0736128
0.0315621
-0.0256381
-0.0738133
-0.0918301
-0.0708683
-0.0186694
0.0432576
0.0885
0.0970203
0.064029
0.00252257
-0.0618104
-0.10133
-0.0983374
-0.0529965
0.0162634
0.0802338
0.111266
0.0952419
0.0379817
-0.0368097
-0.097369
-0.117392
-0.0874777
-0.0195159
0.0580275
0.112055
0.118999
0.075116
-0.00157406
-0.0786992
-0.12323
-0.115661
-0.0585666
0.0242184
0.0975713
0.130021
0.107285
0.038564
-0.0471786
-0.113457
-0.131828
-0.0941331
-0.0161204
0.0691455
0.125338
0.128386
0.076814
-0.0075514
-0.0888451
-0.132452
-0.119787
-0.0562383
0.0311308
0.10514
0.134357
0.106486
0.0335526
-0.0532941
-0.117125
-0.130973
-0.0892621
-0.0100452
0.0728238
0.124198
0.122584
0.069154
-0.0129591
-0.0887031
-0.126107
-0.109808
-0.0473737
0.0342022
0.100192
0.122958
0.0935487
0.0252066
-0.0525936
-0.106883
-0.115203
-0.0749048
-0.00390418
0.0672914
0.108715
0.103581
0.0550783
-0.0154125
-0.0777551
-0.105964
-0.0890511
-0.0352742
0.0318339
0.0837741
0.0992023
0.0727022
0.0166029
-0.0447242
-0.0854625
-0.0892304
-0.0556528
3.23614e-06
0.0537495
0.0832236
0.0769961
0.0389624
-0.0138471
-0.0588794
-0.0776943
-0.0635062
-0.0235511
0.0245041
0.0603634
0.0696719
0.0497378
0.0101361
-0.0318299
-0.05868
-0.0600293
-0.0365603
0.000803128
0.0359383
0.0544708
0.0496369
0.0246793
-0.00903576
-0.0371632
-0.0484698
-0.0392904
-0.0145957
0.0145698
0.0360021
0.0414273
0.0296508
0.00659073
-0.0176162
-0.0330486
-0.0340431
-0.02121
-0.000736675
0.0185405
0.0289282
0.0269155
0.0142738
-0.00307935
-0.0178086
-0.0242392
-0.0205036
-0.00896277
0.00511493
0.0159263
0.0195008
0.0151087
0.00523586
-0.00572105
-0.0133857
-0.0151215
-0.0108778
-0.00292404
0.00529428
0.0106245
0.011383
0.0078175
0.00176867
-0.00423043
-0.00799211
-0.00843477
-0.00582103
-0.00146698
0.00288344
0.00573379
0.00630986
0.00470517
0.00171217
-0.00154079
-0.00399027
-0.00494672
-0.00424393
-0.0022237
0.000408636
0.0028046
0.00421496
0.00420211
0.00277339
0.00039395
-0.00213999
-0.00394799
-0.00436581
-0.00319863
-0.000825313
0.00190566
0.00397105
0.00455972
0.00340274
0.000906705
-0.00197879
-0.0041216
-0.0046582
-0.00335213
-0.000706139
0.00222752
0.00426845
0.00459051
0.00306456
0.000315679
-0.00253236
-0.00432075
-0.00433382
-0.00259135
0.000167059
0.00279677
0.00422743
0.00390371
0.00200385
-0.000651387
-0.00295441
-0.00397627
-0.00334452
-0.00137851
0.00106672
0.00297315
0.00358594
0.00271362
0.000782377
-0.00136785
-0.00284915
-0.0030935
-0.00206985
-0.000267736
0.00153325
0.00260061
0.00254681
0.00146676
-0.000132064
-0.00156491
-0.00226228
-0.00199504
-0.000943741
0.000405459
0.00148282
0.00187445
0.00147902
0.00052348
-0.000557266
-0.00131585
-0.00147599
-0.00102949
-0.000214581
0.000604539
0.00109813
0.00110145
0.000664902
1.11076e-05
-0.000573747
-0.000863002
-0.000774917
-0.000389384
0.000103293
0.000492796
0.000636584
0.000509234
0.000197705
-0.000148684
-0.000387129
-0.000438212
-0.000309061
-7.79852e-05
0.000147639
0.000279105
0.000279362
0.000169912
1.27372e-05
-0.000121474
-0.000183516
-0.000161994
-8.12628e-05
1.50784e-05
8.56547e-05
0.000107816
8.31255e-05
3.16794e-05
-2.00909e-05
-5.16141e-05
-5.52571e-05
-3.64536e-05
-8.39461e-06
1.52641e-05
2.61773e-05
2.34808e-05
1.22502e-05
-2.46545e-07
-8.34015e-06
-1.00554e-05
-6.92603e-06
-2.177e-06
1.39361e-06
2.65298e-06
2.08503e-06
8.83629e-07
-4.5943e-09
-3.00138e-07
-2.20777e-07
-7.63375e-08
-9.18398e-09
0
0
