0
0
-1.35679e-08
-5.92298e-08
-7.02665e-08
1.36287e-07
6.78249e-07
1.29781e-06
1.27575e-06
-1.21256e-07
-2.81186e-06
-5.36559e-06
-5.48184e-06
-1.53693e-06
5.71034e-06
1.26351e-05
1.43032e-05
7.52583e-06
-6.38105e-06
-2.11139e-05
-2.80103e-05
-2.07709e-05
2.02697e-07
2.64857e-05
4.46452e-05
4.27092e-05
1.71715e-05
-2.32247e-05
-5.96876e-05
-7.16242e-05
-4.76467e-05
6.25522e-06
6.65988e-05
0.000102067
8.93667e-05
2.74319e-05
-5.83497e-05
-0.000125887
-0.000136788
-7.76182e-05
2.95626e-05
0.000134473
0.000181909
0.000140405
2.15864e-05
-0.000121115
-0.00021596
-0.000208625
-9.25978e-05
8.24224e-05
0.000230936
0.0002731
0.00017734
-1.84653e-05
-0.000220667
-0.000324347
-0.000267672
-6.79323e-05
0.0001814
0.000354081
0.000354952
0.000171946
-0.000111972
-0.000355867
-0.000430631
-0.000287031
1.36808e-05
0.000324912
0.000485935
0.00040473
0.00010985
-0.000257638
-0.000511402
-0.000514357
-0.000252451
0.000151978
0.000497202
0.000602975
0.000404619
-8.884e-06
-0.000434682
-0.00065597
-0.000552534
-0.000165419
0.000318808
0.000658466
0.000677762
0.000357579
-0.000150789
-0.000597733
-0.000758597
-0.000546848
-5.99118e-05
0.000466434
0.000773345
0.000706846
0.000294711
-0.000266045
-0.000704841
-0.000809003
-0.000526547
9.33167e-06
0.000544824
0.0008268
0.000722178
0.000279178
-0.000296877
-0.000739983
-0.000846031
-0.00056509
-2.2591e-05
0.000538195
0.000864975
0.000807823
0.000385044
-0.000223686
-0.000753079
-0.000964953
-0.000751588
-0.000187159
0.000495422
0.000996291
0.00107538
0.000663632
-9.06151e-05
-0.000867495
-0.00130471
-0.00116175
-0.000447631
0.000553657
0.00138682
0.0016263
0.00108932
-4.331e-05
-0.00127269
-0.00199354
-0.00178726
-0.000657255
0.0009225
0.00219502
0.00247703
0.00152015
-0.000311536
-0.00216281
-0.0030791
-0.00249358
-0.000563773
0.00183674
0.00350393
0.00350207
0.00168049
-0.0011732
-0.00366004
-0.00444956
-0.00298548
0.000154193
0.00346407
0.00522574
0.00439482
0.00120543
-0.00285142
-0.00571513
-0.0057973
-0.00285417
0.00178587
0.00580833
0.00706209
0.00470411
-0.000267127
-0.00541414
-0.00804956
-0.00663515
-0.00166445
0.00447078
0.00862349
0.00850215
0.00392669
-0.0029547
-0.00866322
-0.0101446
-0.00639821
0.000886226
0.00807475
0.0113979
0.00892449
0.00166811
-0.0068007
-0.0121063
-0.0113269
-0.0045961
0.00482881
0.0121358
0.0134141
0.00774318
-0.00219826
-0.0113876
-0.0149946
-0.010919
-0.000997131
0.00980913
0.0158919
0.0139082
0.00461012
-0.0074036
-0.0159598
-0.0164845
-0.00844613
0.00423588
0.015098
0.0184291
0.0122744
-0.000433826
-0.0132656
-0.0195493
-0.0158432
-0.00381612
0.0104899
0.0196965
0.018899
0.00827956
-0.00686893
-0.0187814
-0.0212065
-0.0126904
0.00256736
0.0167839
0.0225686
0.0167708
0.00219343
-0.0137582
-0.0228439
-0.020252
-0.00715014
0.00983127
0.0219587
0.0228949
0.0120153
-0.00519586
-0.0199141
-0.0245065
-0.0164972
9.79262e-05
0.0167871
0.0249553
0.02032
0.00517954
-0.0127265
-0.0241812
-0.0232434
-0.0103352
0.00794509
0.0222017
0.0250804
0.0150691
-0.00270655
-0.0191131
-0.0257108
-0.0191038
-0.00269132
0.015085
0.0250913
0.0222037
0.00793743
-0.0103498
-0.0232597
-0.0241934
-0.0127303
0.00518552
0.0203335
0.0249716
0.0168004
0.000103606
-0.0165012
-0.0245188
-0.0199304
-0.00521037
0.0120078
0.022897
0.0219698
0.00984731
-0.00713491
-0.020243
-0.0228442
-0.0137677
0.0021781
0.016755
0.022558
0.0167822
0.00257518
-0.0126757
-0.0211902
-0.0187693
-0.00686537
0.00827332
0.0188853
0.0196802
0.0104768
-0.00382146
-0.0158389
-0.0195368
-0.0132494
-0.000419531
0.0122817
0.0184267
0.0150868
0.00421979
-0.00846134
-0.0164933
-0.0159592
-0.0073938
0.0046256
0.0139238
0.0159023
0.00981056
-0.00100515
-0.0109337
-0.0150108
-0.0113996
-0.00220167
0.00774957
0.013428
0.0121523
0.0048419
-0.00459101
-0.0113316
-0.012119
-0.00681695
0.00165402
0.0089175
0.0114005
0.00808607
0.000902309
-0.00638309
-0.0101358
-0.00866401
-0.00296473
0.00391104
0.00848648
0.00861334
0.0044697
-0.00165613
-0.00662037
-0.0080335
-0.00540245
-0.000263969
0.00469756
0.00704811
0.00579188
0.00177286
-0.00285909
-0.00579239
-0.00570219
-0.0028351
0.00121937
0.00440149
0.00522282
0.00345258
0.000138153
-0.00300043
-0.0044581
-0.00365908
-0.00116304
0.00169623
0.00351776
0.00351395
0.00183755
-0.000572401
-0.00250854
-0.0030951
-0.00217424
-0.000314375
0.00152691
0.00249106
0.00221139
0.000935376
-0.000652493
-0.00179235
-0.00200665
-0.00128912
-5.71833e-05
0.00108291
0.00162956
0.00139856
0.00056972
-0.000432879
-0.0011535
-0.0013059
-0.000877769
-0.00010637
0.000648002
0.00106548
0.000995675
0.000504291
-0.000172011
-0.000735578
-0.000953742
-0.000750582
-0.000230747
0.000370912
0.000791571
0.000852326
0.000533654
-1.73519e-05
-0.000551887
-0.000829566
-0.000726157
-0.000290637
0.000275638
0.000710174
0.000810632
0.000530208
1.3907e-06
-0.000525037
-0.000798557
-0.000689104
-0.000250558
0.000304434
0.000707294
0.000764319
0.000451156
-7.59601e-05
-0.000557934
-0.000760809
-0.000590349
-0.000136467
0.000373779
0.000690154
0.000662696
0.000313353
-0.000178685
-0.000568945
-0.000669683
-0.00044077
-5.14952e-06
0.000416828
0.000619268
0.000511759
0.000159659
-0.000254308
-0.000525055
-0.000527169
-0.000272944
0.000100396
0.000404505
0.000495082
0.000340224
2.97024e-05
-0.000276044
-0.000428614
-0.000363511
-0.000126504
0.000155718
0.00034276
0.000350188
0.00018715
-5.45537e-05
-0.000251348
-0.000310832
-0.00021478
-2.23579e-05
0.000165013
0.000256737
0.000216405
7.49125e-05
-9.04481e-05
-0.000197641
-0.000200073
-0.000105935
3.07372e-05
0.000140316
0.000172586
0.000119161
1.36569e-05
-8.84479e-05
-0.000138638
-0.000118067
-4.36607e-05
4.37171e-05
0.000101437
0.00010567
6.05178e-05
-7.31834e-06
-6.39268e-05
-8.48987e-05
-6.52816e-05
-1.91249e-05
2.95737e-05
5.90483e-05
5.90964e-05
3.38601e-05
-2.14919e-06
-3.19857e-05
-4.40475e-05
-3.62516e-05
-1.5279e-05
7.96191e-06
2.38862e-05
2.79956e-05
2.14616e-05
9.0495e-06
-3.84609e-06
-1.3323e-05
-1.7571e-05
-1.64154e-05
-1.07108e-05
-2.09803e-06
7.04595e-06
1.39456e-05
1.62507e-05
1.30157e-05
5.24054e-06
-4.3989e-06
-1.25229e-05
-1.62583e-05
-1.42461e-05
-7.18983e-06
2.37529e-06
1.10559e-05
1.58748e-05
1.52838e-05
9.56319e-06
6.03939e-07
-8.72668e-06
-1.54248e-05
-1.72374e-05
-1.33997e-05
-4.94973e-06
5.58316e-06
1.50186e-05
2.04836e-05
2.00595e-05
1.30491e-05
1.95962e-07
-1.58548e-05
-3.01618e-05
-3.60996e-05
-2.77893e-05
-3.93757e-06
2.89762e-05
5.69493e-05
6.36826e-05
3.93532e-05
-1.14988e-05
-6.82812e-05
-0.000101744
-8.84332e-05
-2.5373e-05
6.35969e-05
0.000135365
0.000147631
8.26746e-05
-3.79981e-05
-0.000158244
-0.000212254
-0.000159563
-1.20144e-05
0.000164109
0.000276335
0.000253601
8.9217e-05
-0.000145983
-0.000332201
-0.000360725
-0.000195851
9.59416e-05
0.000370117
0.000474555
0.000332602
-6.0249e-06
-0.000378364
-0.000585224
-0.000496506
-0.000129779
0.000344027
0.000678488
0.00067879
0.000313066
-0.000254762
-0.000736179
-0.000863862
-0.000538825
0.000101562
0.00073858
0.0010302
0.000794108
0.000117945
-0.000668349
-0.00115302
-0.001058
-0.000396683
0.00051478
0.00120795
0.00130314
0.000716947
-0.000277042
-0.00117496
-0.00149881
-0.00105149
-3.43784e-05
0.00104197
0.00161524
0.0013666
0.000397955
-0.000807577
-0.00162813
-0.00162608
-0.000782573
0.000482819
0.00152255
0.00179525
0.00114968
-9.16521e-05
-0.00129553
-0.00184436
-0.00145605
-0.000329878
0.000957673
0.00175202
0.00165734
0.000735498
-0.000534185
-0.00150876
-0.00171247
-0.00107135
6.56823e-05
0.0011212
0.0015889
0.00127955
0.000391695
-0.000615811
-0.00126835
-0.00130314
-0.000768045
4.14271e-05
0.000752739
0.00109299
0.000984399
0.000530649
-6.96615e-05
-0.000616584
-0.00096065
-0.00100964
-0.000723707
-0.000132703
0.000625946
0.00129162
0.00153967
0.0011276
6.99241e-05
-0.00126914
-0.00226337
-0.00230237
-0.00114578
0.000843463
0.0027609
0.00355272
0.00258034
6.18536e-05
-0.00289141
-0.00474035
-0.0043067
-0.00148779
0.00252151
0.00570159
0.00621093
0.00342913
-0.00154013
-0.00625919
-0.00813521
-0.00582742
-0.000127477
0.0062368
0.00988577
0.00856826
0.0025073
-0.00547519
-0.0112448
-0.0114827
-0.00556627
0.00384937
0.011986
0.0143527
0.00920502
-0.00128516
-0.0118916
-0.0169212
-0.0132549
-0.00222605
0.010773
0.0189071
0.017481
0.00661597
-0.00849053
-0.0200255
-0.0215912
-0.0117327
0.00497426
0.0200118
0.0252529
0.0173405
-0.000241106
-0.0186481
-0.0281148
-0.0231269
-0.00559363
0.0157882
0.0298342
0.0287187
0.0123131
-0.0113787
-0.0301065
-0.033706
-0.0196051
0.00547438
0.0286945
0.0376716
0.0270777
0.00175534
-0.025455
-0.040224
-0.0342821
-0.0100284
0.0203577
0.0410292
0.0407416
0.0189621
-0.0134972
-0.0398401
-0.0459847
-0.0280935
0.0050947
0.03652
0.0495794
0.0369073
0.00450941
-0.0310603
-0.0511665
-0.0448688
-0.0148708
0.0235901
0.0504901
0.0514594
0.025465
-0.0143762
-0.0474212
-0.0562136
-0.0357189
0.00381295
0.0419745
0.0587539
0.0450474
0.00759853
-0.0343149
-0.0588225
-0.0528947
-0.01928
0.0247535
0.0563051
0.0587748
0.0306136
-0.0137322
-0.0512452
-0.0623081
-0.0409835
0.00179676
0.0438455
0.0632511
0.0498194
0.0104395
-0.034456
-0.0615147
-0.0566368
-0.0223377
0.0235512
0.0571724
0.0610714
0.0332777
-0.0116979
-0.0504549
-0.0629034
-0.0426994
-0.000483641
0.0417335
0.0620705
0.0501393
0.0123607
-0.0314936
-0.0586693
-0.0552585
-0.0233304
0.0203006
0.0529456
0.0578628
0.0328579
-0.00876087
-0.0452755
-0.0579121
-0.0405101
-0.00251769
0.0361377
0.0555194
0.0459808
0.0129653
-0.0260804
-0.0509389
-0.0491068
-0.0220866
0.0156818
0.0445438
0.0498735
0.029491
-0.00551016
-0.0367966
-0.0484103
-0.0349155
-0.00391486
0.0282131
0.0449747
0.0382365
0.0121556
-0.019324
-0.0399273
-0.0394696
-0.0188811
0.0106371
0.0336992
0.0387584
0.0238828
-0.00260336
-0.0267562
-0.036354
-0.0270786
-0.0044105
0.0195626
0.032588
0.0285076
0.0101394
-0.01255
-0.0278421
-0.0283159
-0.014428
0.00609091
0.0225176
0.0267356
0.0172297
-0.000479974
-0.0170054
-0.0240592
-0.0185981
-0.00407806
0.0116606
0.0206136
0.0186728
0.00747306
-0.0067816
-0.0167341
-0.0176611
-0.0096872
0.00259555
0.0127399
0.015816
0.010786
0.00074959
-0.00891359
-0.0134127
-0.0109039
-0.003187
0.00548359
0.0107246
0.0102254
0.00472648
-0.00261281
-0.00800225
-0.00896429
-0.00544398
0.000394083
0.00545572
0.00734254
0.00546621
0.00114724
-0.00324383
-0.00557046
-0.00495188
-0.00204449
0.00146889
0.00383058
0.00407249
0.00237662
-0.000177522
-0.00226646
-0.00299507
-0.00225338
-0.00063346
0.00097744
0.00186896
0.00180048
0.0010075
-1.88872e-05
-0.000816964
-0.00114619
-0.0010168
-0.000593616
-6.94541e-05
0.00041022
0.000750604
0.00087787
0.000731931
0.000304749
-0.000304789
-0.000877806
-0.00114439
-0.000918533
-0.000226913
0.000655866
0.00131002
0.00137629
0.000760063
-0.00028497
-0.00125633
-0.00164912
-0.00122547
-0.00015981
0.00102871
0.00173286
0.0015738
0.000609237
-0.000683139
-0.00164503
-0.00177809
-0.00100652
0.000278736
0.00141999
0.00183343
0.0013116
0.000129235
-0.00110222
-0.00175364
-0.00150276
-0.000495266
0.000738831
0.00156569
0.00157563
0.000787572
-0.000372748
-0.00130338
-0.00154018
-0.000989437
3.8029e-05
0.00100162
0.00141638
0.0010978
0.000242017
-0.000692117
-0.00122928
-0.00111981
-0.000454336
0.000400816
0.00100464
0.00106885
0.000594396
-0.000146726
-0.000765875
-0.000961278
-0.000664301
-5.80155e-05
0.000532672
0.000814622
0.000671252
0.000207367
-0.000320935
-0.000646707
-0.00062633
-0.000300383
0.000142977
0.000474954
0.000543346
0.000340487
-7.21593e-06
-0.000315175
-0.000437594
-0.000335138
-8.27402e-05
0.000179928
0.000324466
0.000295469
0.000128884
-7.70303e-05
-0.000217916
-0.000235237
-0.000138574
8.8156e-06
0.000128811
0.000168731
0.000122875
2.75842e-05
-6.34361e-05
-0.00010805
-9.39293e-05
-3.90351e-05
2.27055e-05
6.08165e-05
6.23271e-05
3.45496e-05
-2.67023e-06
-2.93631e-05
-3.53556e-05
-2.31289e-05
-3.56644e-06
1.1691e-05
1.64621e-05
1.17611e-05
3.16891e-06
-3.57718e-06
-5.76718e-06
-4.16708e-06
-1.29571e-06
7.19826e-07
1.23052e-06
7.88401e-07
2.20084e-07
-5.09422e-08
-6.52456e-08
-1.67174e-08
0
0
